-31.144 0.0 0.0 0.0
-30.980 0.0 0.0 0.0
-30.816 0.0 0.0 0.0
-30.652 0.0 0.0 0.0
-30.489 0.0 0.0 0.0
-30.325 0.0 0.0 0.0
-30.161 0.0 0.0 0.0
-29.997 0.0 0.0 0.0
-29.833 0.0 0.0 0.0
-29.670 0.0 0.0 0.0
-29.506 0.0 0.0 0.0
-29.342 0.0 0.0 0.0
-29.178 0.0 0.0 0.0
-29.014 0.0 0.0 0.0
-28.851 0.0 0.0 0.0
-28.687 1.884102e-16 3.940774e-17 0.0
-28.523 1.251536e-14 2.653628e-15 0.0
-28.359 2.67574e-13 5.67431e-14 0.0
-28.196 5.038917e-12 1.068818e-12 0.0
-28.032 8.18286e-11 1.735964e-11 0.0
-27.868 1.147102e-09 2.433993e-10 0.0
-27.704 1.388054e-08 2.945713e-09 0.0
-27.540 1.449899e-07 3.077739e-08 0.0
-27.377 1.307478e-06 2.776088e-07 0.0
-27.213 1.017906e-05 2.161552e-06 0.0
-27.049 6.841538e-05 1.453083e-05 0.0
-26.885 0.0003970031 8.43345e-05 0.0
-26.721 0.001988968 0.0004225871 0.0
-26.558 0.00860381 0.001828381 0.0
-26.394 0.03213576 0.006830531 0.0
-26.230 0.1036365 0.02203138 0.0
-26.066 0.288589 0.06135986 0.0
-25.902 0.693944 0.1475692 0.0
-25.739 1.440832 0.306438 0.0
-25.575 2.583123 0.5495211 0.0
-25.411 3.999221 0.850897 0.0
-25.247 5.346995 1.137725 0.0
-25.083 6.172358 1.31358 0.0
-24.920 6.152914 1.309648 0.0
-24.756 5.296444 1.127435 0.0
-24.592 3.936466 0.838083 0.0
-24.428 2.526365 0.5379772 0.0
-24.265 1.399994 0.2981505 0.0
-24.101 0.6698454 0.1426768 0.0
-23.937 0.2767386 0.05894931 0.0
-23.773 0.0987027 0.02102875 0.0
-23.609 0.03039357 0.006476181 0.0
-23.446 0.00807986 0.001721913 0.0
-23.282 0.001854567 0.0003954117 0.0
-23.118 0.0003685431 7.99367e-05 0.0
-22.954 7.095588e-05 2.488841e-05 0.0
-22.790 5.892904e-05 7.2197e-05 0.0
-22.627 0.00026398153 0.0003718049 0.0
-22.463 0.00120509132 0.0017029636 0.0
-22.299 0.0047860641 0.006761826 0.0
-22.135 0.0164720098 0.02326381 0.0
-21.971 0.049130543 0.06936498 0.0
-21.808 0.127008586 0.17927061 0.0
-21.644 0.284599334 0.4015964 0.0
-21.480 0.55286343 0.7799109 0.0
-21.316 0.93098079 1.3130435 0.0
-21.152 1.35907343 1.9162005 0.0
-20.989 1.71998957 2.424296 0.0
-20.825 1.88797238 2.657915 0.0
-20.661 1.8019167 2.526508 0.0
-20.497 1.5133597 2.0820693 0.0
-20.333 1.179719 1.4905711 0.0
-20.170 1.022773 0.9367603 0.0
-20.006 1.29285 0.5409932 0.0
-19.842 2.23356 0.3376375 0.0
-19.678 3.99125 0.300171 0.0
-19.515 6.44847 0.373741 0.0
-19.351 9.09 0.493219 0.0
-19.187 11.0906 0.593162 0.0
-19.023 11.6922 0.623598 0.0
-18.859 10.6472 0.567718 0.0
-18.696 8.37541 0.44688 0.0
-18.532 5.69611 0.304935 0.0
-18.368 3.37 0.1839466 0.0
-18.204 1.8035 0.1102444 0.0
-18.040 1.07109 0.0980906 0.0
-17.877 1.117988 0.1631229 0.0
-17.713 1.92211 0.328431 0.0
-17.549 3.47683 0.611176 0.0
-17.385 5.62102 0.992585 0.0
-17.221 7.8889 1.393895 0.0
-17.058 9.5655 1.690233 0.0
-16.894 10.01415 1.769543 0.0
-16.730 9.05106 1.599312 0.0
-16.566 7.06201 1.24789 0.0
-16.402 4.75704 0.840571 0.0
-16.239 2.76611 0.48881 0.0
-16.075 1.388596 0.245386 0.0
-15.911 0.601844 0.1064237 0.0
-15.747 0.225682 0.0402821 0.0
-15.583 0.0754408 0.01520624 0.0
-15.420 0.03140574 0.0131303 0.0
-15.256 0.04387546 0.0342707 0.0
-15.092 0.119094578 0.1013055 0.0
-14.928 0.30957949 0.2649281 0.0
-14.765 0.70149332 0.60045 0.0
-14.601 1.37621907 1.177839 0.0
-14.437 2.3365714 1.999728 0.0
-14.273 3.4341715 2.9401 0.0
-14.109 4.3732964 3.74965 0.0
-13.946 4.8374146 4.16696 0.0
-13.782 4.683611 4.09002 0.0
-13.618 4.054574 3.67394 0.0
-13.454 3.310052 3.27128 0.0
-13.290 2.818604 3.24071 0.0
-13.127 2.75358 3.75429 0.0
-12.963 3.02436 4.73011 0.0
-12.799 3.36077 5.91544 0.0
-12.635 3.48746 7.04591 0.0
-12.471 3.2699 7.94818 0.0
-12.308 2.756633 8.51497 0.0
-12.144 2.106928 8.62353 0.0
-11.980 1.481185 8.13522 0.0
-11.816 0.970054 7.01375 0.0
-11.652 0.595911 5.44415 0.0
-11.489 0.3436267 3.80221 0.0
-11.325 0.1892647 2.50328 0.0
-11.161 0.111995 1.8623 0.0
-10.997 0.096606 2.05823 0.0
-10.833 0.1324004 3.15454 0.0
-10.670 0.2090508 5.08486 0.0
-10.506 0.3106291 7.59176 0.0
-10.342 0.4127598 10.2096 0.0
-10.178 0.4880635 12.3724 0.0
-10.015 0.5169155 13.624 0.0
-9.851 0.4956298 13.7928 0.0
-9.687 0.4360874 13.0261 0.0
-9.523 0.35736 11.7046 0.0
-9.359 0.2780778 10.3611 0.0
-9.196 0.2136136 9.633 0.0
-9.032 0.1768592 10.1798 0.0
-8.868 0.1780049 12.441 0.0
-8.704 0.220619 16.2922 0.0
-8.540 0.29624 20.8338 0.0
-8.377 0.382391 24.5858 0.0
-8.213 0.448297 26.1062 0.0
-8.049 0.467647 24.6979 0.0
-7.885 0.431499 20.7471 0.0
-7.721 0.351804 15.4644 0.0
-7.558 0.254586 10.2408 0.0
-7.394 0.1668161 6.0562 0.0
-7.230 0.1073014 3.27126 0.0
-7.066 0.0850835 1.77068 0.0
-6.902 0.1027017 1.24223 0.0
-6.739 0.15844 1.373699 0.0
-6.575 0.244975 1.908318 0.0
-6.411 0.346937 2.61631 0.0
-6.247 0.441621 3.272 0.0
-6.083 0.505843 3.68067 0.0
-5.920 0.524687 3.74242 0.0
-5.756 0.497959 3.48771 0.0
-5.592 0.4382791 3.05922 0.0
-5.428 0.3641092 2.63356 0.0
-5.265 0.2914698 2.33922 0.0
-5.101 0.2296791 2.205488 0.0
-4.937 0.1810897 2.168352 0.0
-4.773 0.1433915 2.124711 0.0
-4.609 0.112555 2.013128 0.0
-4.446 0.0853366 1.886159 0.0
-4.282 0.0607497 1.935189 0.0
-4.118 0.03976567 2.436232 0.0
-3.954 0.02382974 3.609021 0.0
-3.790 0.01344123 5.4277 0.0
-3.627 0.0077457 7.49202 0.0
-3.463 0.00510073 9.11365 0.0
-3.299 0.00390816 9.6355 0.0
-3.135 0.00313046 8.81624 0.0
-2.971 0.00235709 6.97075 0.0
-2.808 0.00158102 4.761244 0.0
-2.644 0.00092567 2.808689 0.0
-2.480 0.000469755 1.430891 0.0
-2.316 0.000206129 0.629481 0.0
-2.152 7.81451e-05 0.2391669 0.0
-1.989 2.55909e-05 0.0784618 0.0
-1.825 7.23701e-06 0.02222563 0.0
-1.661 1.76742e-06 0.00543642 0.0
-1.497 3.72728e-07 0.001148003 0.0
-1.333 6.78676e-08 0.0002093054 0.0
-1.170 1.06708e-08 3.294567e-05 0.0
-1.006 1.44919e-09 4.476425e-06 0.0
-0.842 1.79108e-10 5.25119e-07 0.0
-0.678 1.299745e-10 5.32621e-08 0.0
-0.515 1.1750049e-09 5.64919e-09 0.0
-0.351 1.053408189e-08 9.35235e-09 0.0
-0.187 8.15997581e-08 6.97665e-08 0.0
-0.023 5.45533555e-07 4.66464e-07 0.0
0.141 3.14856288e-06 2.693914e-06 0.0
0.304 1.56930498e-05 1.344273e-05 0.0
0.468 6.7590902e-05 5.80246e-05 0.0
0.632 0.00025181105 0.0002170305 0.0
0.796 0.00081300305 0.00070577 0.0
0.960 0.0022814423 0.002006727 0.0
1.123 0.005592913 0.00503862 0.0
1.287 0.012076168 0.01135546 0.0
1.451 0.02325647 0.0235511 0.0
1.615 0.04065406 0.0464502 0.0
1.779 0.0658657 0.0900613 0.0
1.942 0.1008342 0.175111 0.0
2.106 0.1476538 0.340901 0.0
2.270 0.2074271 0.652546 0.0
2.434 0.279024 1.199948 0.0
2.598 0.358938 2.076366 0.0
2.761 0.441756 3.32857 0.0
2.925 0.519904 4.89363 0.0
3.089 0.582612 6.56224 0.0
3.253 0.61767 8.0147 0.0
3.417 0.617748 8.93233 0.0
3.580 0.585922 9.12444 0.0
3.744 0.535351 8.60622 0.0
3.908 0.482141 7.57406 0.0
4.072 0.437825 6.30457 0.0
4.235 0.407972 5.05262 0.0
4.399 0.395318 3.99165 0.0
4.563 0.402314 3.20518 0.0
4.727 0.429285 2.70191 0.0
4.891 0.47066 2.43473 0.0
5.054 0.514593 2.31832 0.0
5.218 0.546852 2.25487 0.0
5.382 0.556282 2.1644 0.0
5.546 0.538264 2.00415 0.0
5.710 0.49373 1.76969 0.0
5.873 0.427986 1.48295 0.0
6.037 0.350011 1.17874 0.0
6.201 0.271515 0.89517 0.0
6.365 0.20454 0.666046 0.0
6.529 0.157872 0.512954 0.0
6.692 0.134583 0.44024 0.0
6.856 0.132322 0.436725 0.0
7.020 0.145909 0.482984 0.0
7.184 0.170175 0.559926 0.0
7.348 0.20116 0.652773 0.0
7.511 0.235514 0.750142 0.0
7.675 0.269402 0.840727 0.0
7.839 0.298656 0.91434 0.0
8.003 0.320406 0.96615 0.0
8.166 0.334584 1.00079 0.0
8.330 0.343386 1.02917 0.0
8.494 0.349118 1.06057 0.0
8.658 0.352344 1.09572 0.0
8.822 0.352172 1.12822 0.0
8.985 0.348134 1.15168 0.0
9.149 0.341785 1.16601 0.0
9.313 0.335979 1.17654 0.0
9.477 0.332687 1.18674 0.0
9.641 0.331093 1.19251 0.0
9.804 0.32775 1.18298 0.0
9.968 0.318846 1.14818 0.0
10.132 0.30265 1.08604 0.0
10.296 0.28062 1.00483 0.0
10.460 0.256576 0.91888 0.0
10.623 0.234771 0.84175 0.0
10.787 0.217827 0.78041 0.0
10.951 0.205534 0.73249 0.0
11.115 0.195095 0.688061 0.0
11.279 0.182816 0.635661 0.0
11.442 0.166069 0.568473 0.0
11.606 0.144443 0.486868 0.0
11.770 0.119397 0.396951 0.0
11.934 0.0932299 0.306451 0.0
12.098 0.0682277 0.222285 0.0
12.261 0.0462907 0.149832 0.0
12.425 0.028766 0.0926565 0.0
12.589 0.01617662 0.0519055 0.0
12.753 0.00814729 0.0260648 0.0
12.916 0.00364497 0.01163035 0.0
13.080 0.00143927 0.00458241 0.0
13.244 0.000499267 0.001586398 0.0
13.408 0.0001515974 0.00048086 0.0
13.572 4.01903e-05 0.0001272747 0.0
13.735 9.28128e-06 2.93533e-05 0.0
13.899 1.864247e-06 5.88844e-06 0.0
14.063 3.25215e-07 1.026213e-06 0.0
14.227 4.921626e-08 1.551771e-07 0.0
14.391 6.45645e-09 2.033997e-08 0.0
14.554 7.33545e-10 2.309331e-09 0.0
14.718 7.21275e-11 2.269559e-10 0.0
14.882 6.13524e-12 1.929738e-11 0.0
15.046 4.512228e-13 1.418691e-12 0.0
15.210 2.866773e-14 9.01058e-14 0.0
15.373 1.577115e-15 4.95649e-15 0.0
15.537 8.104032e-17 2.542958e-16 0.0
15.701 0.0 0.0 0.0
15.865 0.0 0.0 0.0
16.029 0.0 0.0 0.0
16.192 0.0 0.0 0.0
16.356 0.0 0.0 0.0
16.520 0.0 0.0 0.0
16.684 0.0 0.0 0.0
16.848 0.0 0.0 0.0
17.011 0.0 0.0 0.0
17.175 0.0 0.0 0.0
17.339 0.0 0.0 0.0
17.503 0.0 0.0 0.0
17.666 0.0 0.0 0.0
17.830 0.0 0.0 0.0
17.994 0.0 0.0 0.0
