-31.144 0.0 0.0 0.0
-30.980 0.0 0.0 0.0
-30.816 0.0 0.0 0.0
-30.652 0.0 0.0 0.0
-30.489 0.0 0.0 0.0
-30.325 0.0 0.0 0.0
-30.161 0.0 0.0 0.0
-29.997 0.0 0.0 0.0
-29.833 0.0 0.0 0.0
-29.670 0.0 0.0 0.0
-29.506 0.0 0.0 0.0
-29.342 0.0 0.0 0.0
-29.178 0.0 0.0 0.0
-29.014 0.0 0.0 0.0
-28.851 0.0 0.0 0.0
-28.687 2.63903e-16 3.5993e-17 0.0
-28.523 1.73888e-14 2.46878e-15 0.0
-28.359 3.7174e-13 5.2799e-14 0.0
-28.196 6.9995e-12 9.948e-13 0.0
-28.032 1.13651e-10 1.61621e-11 0.0
-27.868 1.59296e-09 2.26673e-10 0.0
-27.704 1.92738e-08 2.7442e-09 0.0
-27.540 2.01303e-07 2.8679e-08 0.0
-27.377 1.81504e-06 2.58736e-07 0.0
-27.213 1.41286e-05 2.01509e-06 0.0
-27.049 9.4951e-05 1.35499e-05 0.0
-26.885 0.00055091 7.8661e-05 0.0
-26.721 0.0027597 0.00039426 0.0
-26.558 0.0119368 0.00170621 0.0
-26.394 0.044578 0.0063756 0.0
-26.230 0.143753 0.0205691 0.0
-26.066 0.40029 0.0573 0.0
-25.902 0.96234 0.137836 0.0
-25.739 1.99796 0.28631 0.0
-25.575 3.5817 0.5135 0.0
-25.411 5.5445 0.79531 0.0
-25.247 7.4121 1.06357 0.0
-25.083 8.5556 1.22826 0.0
-24.920 8.5277 1.2248 0.0
-24.756 7.3397 1.05463 0.0
-24.592 5.4548 0.78411 0.0
-24.428 3.5006 0.5034 0.0
-24.265 1.93971 0.27905 0.0
-24.101 0.92802 0.133557 0.0
-23.937 0.38336 0.055189 0.0
-23.773 0.136722 0.019691 0.0
-23.609 0.042099 0.0060654 0.0
-23.446 0.0111908 0.00161291 0.0
-23.282 0.0025692 0.00037027 0.0
-23.118 0.00051652 7.3575e-05 0.0
-22.954 0.000141895 1.3958e-05 0.0
-22.790 0.00034814 1.04793e-05 0.0
-22.627 0.00177503 4.6065e-05 0.0
-22.463 0.0081246 0.000210973 0.0
-22.299 0.032243 0.0008413 0.0
-22.135 0.110888 0.0029078 0.0
-21.971 0.33048 0.0087097 0.0
-21.808 0.85365 0.0226141 0.0
-21.644 1.9114 0.0509 0.0
-21.480 3.7102 0.099302 0.0
-21.316 6.2428 0.167951 0.0
-21.152 9.1062 0.24623 0.0
-20.989 11.5139 0.31293 0.0
-20.825 12.6189 0.34469 0.0
-20.661 11.986 0.32965 0.0
-20.497 9.8653 0.27546 0.0
-20.333 7.0353 0.207241 0.0
-20.170 4.3463 0.15789 0.0
-20.006 2.32565 0.159321 0.0
-19.842 1.07868 0.237462 0.0
-19.678 0.43521 0.40492 0.0
-19.515 0.155524 0.64692 0.0
-19.351 0.053121 0.90939 0.0
-19.187 0.0217523 1.10867 0.0
-19.023 0.013397 1.16835 0.0
-18.859 0.0104921 1.06364 0.0
-18.696 0.0082155 0.83645 0.0
-18.532 0.0063745 0.56868 0.0
-18.368 0.0067829 0.33626 0.0
-18.204 0.0136539 0.179613 0.0
-18.040 0.03585 0.10582 0.0
-17.877 0.089062 0.108898 0.0
-17.713 0.193893 0.185979 0.0
-17.549 0.36522 0.33591 0.0
-17.385 0.59417 0.54294 0.0
-17.221 0.83448 0.76178 0.0
-17.058 1.01181 0.92352 0.0
-16.894 1.05913 0.96671 0.0
-16.730 0.95714 0.8736 0.0
-16.566 0.74671 0.68152 0.0
-16.402 0.50292 0.459 0.0
-16.239 0.29241 0.2669 0.0
-16.075 0.146769 0.13397 0.0
-15.911 0.063606 0.058136 0.0
-15.747 0.0238576 0.0222343 0.0
-15.583 0.0080167 0.0094643 0.0
-15.420 0.0035043 0.0118758 0.0
-15.256 0.0052952 0.035166 0.0
-15.092 0.0146016 0.10509 0.0
-14.928 0.038053 0.27497 0.0
-14.765 0.086357 0.623 0.0
-14.601 0.169721 1.22173 0.0
-14.437 0.28893 2.0737 0.0
-14.273 0.42681 3.0482 0.0
-14.109 0.55007 3.8861 0.0
-13.946 0.62745 4.3167 0.0
-13.782 0.65697 4.2296 0.0
-13.618 0.68154 3.7773 0.0
-13.454 0.77462 3.3089 0.0
-13.290 0.99707 3.1691 0.0
-13.127 1.34863 3.5033 0.0
-12.963 1.74697 4.1901 0.0
-12.799 2.05865 4.9373 0.0
-12.635 2.16956 5.4627 0.0
-12.471 2.0491 5.6315 0.0
-12.308 1.75881 5.4636 0.0
-12.144 1.40198 5.0352 0.0
-11.980 1.06073 4.3992 0.0
-11.816 0.77 3.5926 0.0
-11.652 0.53242 2.6922 0.0
-11.489 0.34444 1.83673 0.0
-11.325 0.207298 1.18016 0.0
-11.161 0.123437 0.83927 0.0
-10.997 0.091451 0.87699 0.0
-10.833 0.105483 1.31232 0.0
-10.670 0.156007 2.11706 0.0
-10.506 0.228813 3.188 0.0
-10.342 0.30441 4.3279 0.0
-10.178 0.36167 5.2768 0.0
-10.015 0.38566 5.7964 0.0
-9.851 0.37347 5.7655 0.0
-9.687 0.33345 5.2415 0.0
-9.523 0.27876 4.4528 0.0
-9.359 0.220862 3.7468 0.0
-9.196 0.167211 3.5038 0.0
-9.032 0.122883 4.0335 0.0
-8.868 0.092037 5.4504 0.0
-8.704 0.077373 7.5546 0.0
-8.540 0.078307 9.8187 0.0
-8.377 0.08998 11.5362 0.0
-8.213 0.104268 12.1121 0.0
-8.049 0.11275 11.3325 0.0
-7.885 0.110166 9.4518 0.0
-7.721 0.096644 7.0361 0.0
-7.558 0.0777 4.6903 0.0
-7.394 0.062753 2.8393 0.0
-7.230 0.063782 1.66348 0.0
-7.066 0.094745 1.16793 0.0
-6.902 0.169914 1.29629 0.0
-6.739 0.29841 1.99226 0.0
-6.575 0.47508 3.1865 0.0
-6.411 0.67317 4.7458 0.0
-6.247 0.84717 6.4407 0.0
-6.083 0.94991 7.9853 0.0
-5.920 0.95503 9.1344 0.0
-5.756 0.87071 9.8007 0.0
-5.592 0.73432 10.1092 0.0
-5.428 0.59114 10.3451 0.0
-5.265 0.47359 10.782 0.0
-5.101 0.39187 11.4684 0.0
-4.937 0.33792 12.1249 0.0
-4.773 0.2959 12.2536 0.0
-4.609 0.25222 11.4449 0.0
-4.446 0.201441 9.664 0.0
-4.282 0.146929 7.3057 0.0
-4.118 0.096559 4.9734 0.0
-3.954 0.057286 3.1612 0.0
-3.790 0.031628 2.05846 0.0
-3.627 0.0176706 1.55594 0.0
-3.463 0.0112962 1.38921 0.0
-3.299 0.0085381 1.30066 0.0
-3.135 0.0068468 1.14192 0.0
-2.971 0.0051915 0.89124 0.0
-2.808 0.003512 0.60645 0.0
-2.644 0.00207368 0.3575 0.0
-2.480 0.001061 0.182172 0.0
-2.316 0.00046923 0.080188 0.0
-2.152 0.000179236 0.030484 0.0
-1.989 5.9116e-05 0.0100077 0.0
-1.825 1.68343e-05 0.0028367 0.0
-1.661 4.1384e-06 0.00069431 0.0
-1.497 8.7825e-07 0.000146721 0.0
-1.333 1.60892e-07 2.67706e-05 0.0
-1.170 2.54422e-08 4.2163e-06 0.0
-1.006 3.4726e-09 5.7327e-07 0.0
-0.842 4.1162e-10 6.7288e-08 0.0
-0.678 7.1181e-11 6.8257e-09 0.0
-0.515 3.1139e-10 6.8185e-10 0.0
-0.351 2.7621e-09 8.147e-10 0.0
-0.187 2.13876e-08 5.9737e-09 0.0
-0.023 1.42915e-07 4.0024e-08 0.0
0.141 8.2408e-07 2.32152e-07 0.0
0.304 4.1012e-06 1.16799e-06 0.0
0.468 1.76168e-05 5.1198e-06 0.0
0.632 6.5332e-05 1.97111e-05 0.0
0.796 0.000209256 6.7574e-05 0.0
0.960 0.00057926 0.000210893 0.0
1.123 0.00138737 0.00061727 0.0
1.287 0.0028824 0.00174718 0.0
1.451 0.0052198 0.0048688 0.0
1.615 0.0083266 0.0133149 0.0
1.779 0.0119702 0.035109 0.0
1.942 0.0162375 0.087486 0.0
2.106 0.0223895 0.202918 0.0
2.270 0.033659 0.43347 0.0
2.434 0.055204 0.84599 0.0
2.598 0.092466 1.49911 0.0
2.761 0.147752 2.40012 0.0
2.925 0.216418 3.4618 0.0
3.089 0.28567 4.4928 0.0
3.253 0.33867 5.2501 0.0
3.417 0.36271 5.5389 0.0
3.580 0.35698 5.2958 0.0
3.744 0.33299 4.6171 0.0
3.908 0.30874 3.7052 0.0
4.072 0.30034 2.77899 0.0
4.235 0.31805 1.99972 0.0
4.399 0.36768 1.44289 0.0
4.563 0.45334 1.11543 0.0
4.727 0.57561 0.98575 0.0
4.891 0.72432 1.00369 0.0
5.054 0.87307 1.10695 0.0
5.218 0.9831 1.22641 0.0
5.382 1.01939 1.29937 0.0
5.546 0.96815 1.28643 0.0
5.710 0.84324 1.18099 0.0
5.873 0.67738 1.00516 0.0
6.037 0.50627 0.79647 0.0
6.201 0.35657 0.59352 0.0
6.365 0.242081 0.42584 0.0
6.529 0.165574 0.309335 0.0
6.692 0.12255 0.246043 0.0
6.856 0.104839 0.227991 0.0
7.020 0.103802 0.242803 0.0
7.184 0.112352 0.27912 0.0
7.348 0.125736 0.32878 0.0
7.511 0.140943 0.38578 0.0
7.675 0.155776 0.44452 0.0
7.839 0.168568 0.49905 0.0
8.003 0.17868 0.54551 0.0
8.166 0.186755 0.58357 0.0
8.330 0.19398 0.61508 0.0
8.494 0.2007 0.64121 0.0
8.658 0.205855 0.66019 0.0
8.822 0.207844 0.66927 0.0
8.985 0.206219 0.66836 0.0
9.149 0.202374 0.66192 0.0
9.313 0.19857 0.65586 0.0
9.477 0.19609 0.65287 0.0
9.641 0.19408 0.64943 0.0
9.804 0.190146 0.63819 0.0
9.968 0.182091 0.6134 0.0
10.132 0.169501 0.57491 0.0
10.296 0.154103 0.52865 0.0
10.460 0.138749 0.48314 0.0
10.623 0.12585 0.44537 0.0
10.787 0.116233 0.41758 0.0
10.951 0.108902 0.39647 0.0
11.115 0.101819 0.37505 0.0
11.279 0.093138 0.34664 0.0
11.442 0.082165 0.308203 0.0
11.606 0.06946 0.261306 0.0
11.770 0.05617 0.210478 0.0
11.934 0.0433388 0.160634 0.0
12.098 0.0316661 0.115494 0.0
12.261 0.0216251 0.077485 0.0
12.425 0.0135916 0.047904 0.0
12.589 0.007746 0.0269383 0.0
12.753 0.00395396 0.013619 0.0
12.916 0.0017911 0.0061305 0.0
13.080 0.000715257 0.0024395 0.0
13.244 0.000250561 0.00085325 0.0
13.408 7.67376e-05 0.000261273 0.0
13.572 2.04913e-05 6.9814e-05 0.0
13.735 4.76178e-06 1.62444e-05 0.0
13.899 9.61397e-07 3.28487e-06 0.0
14.063 1.684642e-07 5.76552e-07 0.0
14.227 2.55904e-08 8.7729e-08 0.0
14.391 3.3675e-09 1.15617e-08 0.0
14.554 3.83575e-10 1.3189e-09 0.0
14.718 3.77989e-11 1.30136e-10 0.0
14.882 3.22079e-12 1.11026e-11 0.0
15.046 2.3723e-13 8.1861e-13 0.0
15.210 1.509416e-14 5.21287e-14 0.0
15.373 8.30122e-16 2.86878e-15 0.0
15.537 4.29e-17 1.48983e-16 0.0
15.701 0.0 0.0 0.0
15.865 0.0 0.0 0.0
16.029 0.0 0.0 0.0
16.192 0.0 0.0 0.0
16.356 0.0 0.0 0.0
16.520 0.0 0.0 0.0
16.684 0.0 0.0 0.0
16.848 0.0 0.0 0.0
17.011 0.0 0.0 0.0
17.175 0.0 0.0 0.0
17.339 0.0 0.0 0.0
17.503 0.0 0.0 0.0
17.666 0.0 0.0 0.0
17.830 0.0 0.0 0.0
17.994 0.0 0.0 0.0
