-31.144 0.0 0.0 0.0
-30.980 0.0 0.0 0.0
-30.816 0.0 0.0 0.0
-30.652 0.0 0.0 0.0
-30.489 0.0 0.0 0.0
-30.325 0.0 0.0 0.0
-30.161 0.0 0.0 0.0
-29.997 0.0 0.0 0.0
-29.833 0.0 0.0 0.0
-29.670 0.0 0.0 0.0
-29.506 0.0 0.0 0.0
-29.342 0.0 0.0 0.0
-29.178 0.0 0.0 0.0
-29.014 0.0 0.0 0.0
-28.851 0.0 0.0 0.0
-28.687 3.412e-18 3.8883e-21 3.2828e-21
-28.523 9.581e-17 5.0304e-17 3.8309e-17
-28.359 2.0144e-15 1.0889e-15 8.286e-16
-28.196 3.7094e-14 2.0827e-14 1.585e-14
-28.032 5.8921e-13 3.4326e-13 2.6117e-13
-27.868 8.078e-12 4.8815e-12 3.7143e-12
-27.704 9.556e-11 5.9904e-11 4.5579e-11
-27.540 9.756e-10 6.343e-10 4.8267e-10
-27.377 8.598e-09 5.797e-09 4.4109e-09
-27.213 6.54e-08 4.5717e-08 3.4784e-08
-27.049 4.294e-07 3.1117e-07 2.3676e-07
-26.885 2.4336e-06 1.8279e-06 1.3908e-06
-26.721 1.1905e-05 9.266e-06 7.052e-06
-26.558 5.0286e-05 4.0553e-05 3.0857e-05
-26.394 0.00018335 0.00015317 0.00011655
-26.230 0.00057713 0.0004994 0.00037999
-26.066 0.0015685 0.0014055 0.0010695
-25.902 0.0036799 0.0034144 0.0025982
-25.739 0.007454 0.007161 0.0054488
-25.575 0.013039 0.012963 0.009866
-25.411 0.019689 0.020258 0.015417
-25.247 0.025671 0.027331 0.020802
-25.083 0.0289 0.031831 0.024227
-24.920 0.028092 0.032004 0.024361
-24.756 0.023578 0.027779 0.021146
-24.592 0.017085 0.020814 0.015844
-24.428 0.010689 0.013463 0.01025
-24.265 0.0057739 0.007517 0.0057234
-24.101 0.0026928 0.0036236 0.0027589
-23.937 0.0010842 0.0015078 0.001148
-23.773 0.0003769 0.00054152 0.00041233
-23.609 0.0001131 0.00016788 0.00012785
-23.446 2.9304e-05 4.4922e-05 3.4211e-05
-23.282 6.572e-06 1.038e-05 7.908e-06
-23.118 1.4167e-06 2.1155e-06 1.6204e-06
-22.954 1.2487e-06 7.026e-07 5.9941e-07
-22.790 6.161e-06 2.2435e-06 2.1142e-06
-22.627 3.1267e-05 1.2001e-05 1.1356e-05
-22.463 0.00013765 5.6902e-05 5.3841e-05
-22.299 0.00052327 0.00023389 0.00022127
-22.135 0.0017176 0.0008329 0.0007879
-21.971 0.0048687 0.0025701 0.0024308
-21.808 0.011917 0.00687 0.006497
-21.644 0.025187 0.015903 0.01504
-21.480 0.045971 0.031886 0.030155
-21.316 0.07247 0.055357 0.052359
-21.152 0.09863 0.08322 0.07871
-20.989 0.11594 0.10826 0.10242
-20.825 0.11773 0.1219 0.11534
-20.661 0.10321 0.1188 0.11243
-20.497 0.07814 0.10012 0.0948
-20.333 0.051106 0.07305 0.06922
-20.170 0.028897 0.046186 0.043892
-20.006 0.014193 0.025475 0.024533
-19.842 0.006203 0.012639 0.012873
-19.678 0.002688 0.006324 0.007721
-19.515 0.0015625 0.0041212 0.00677
-19.351 0.0014539 0.0038894 0.007785
-19.187 0.0016158 0.0041898 0.009036
-19.023 0.0016905 0.0042391 0.009422
-18.859 0.0015547 0.0037788 0.008562
-18.696 0.0012401 0.002923 0.006735
-18.532 0.0008607 0.0019602 0.0045895
-18.368 0.00053873 0.0011572 0.0027533
-18.204 0.00036687 0.0006642 0.0016019
-18.040 0.00042348 0.00054347 0.0013095
-17.877 0.0008128 0.0008574 0.0020404
-17.713 0.0016695 0.0017153 0.0040539
-17.549 0.0030807 0.0032069 0.007553
-17.385 0.0049387 0.0052399 0.01231
-17.221 0.006842 0.007404 0.017352
-17.058 0.008184 0.009033 0.02112
-16.894 0.008453 0.009511 0.022192
-16.730 0.007537 0.008648 0.020128
-16.566 0.0058028 0.006785 0.01576
-16.402 0.0038567 0.0045966 0.010652
-16.239 0.0022131 0.0026877 0.006215
-16.075 0.0010963 0.0013568 0.0031304
-15.911 0.00046925 0.00059202 0.0013642
-15.747 0.00017548 0.00022773 0.00053019
-15.583 6.702e-05 9.719e-05 0.00025679
-15.420 6.591e-05 0.00011895 0.00041429
-15.256 0.00019094 0.00034127 0.0012933
-15.092 0.00059807 0.0009923 0.0038679
-14.928 0.0016452 0.0025268 0.010084
-14.765 0.0039178 0.0055717 0.022768
-14.601 0.008084 0.01063 0.044495
-14.437 0.014536 0.017565 0.07532
-14.273 0.023044 0.025169 0.11069
-14.109 0.033097 0.031451 0.1421
-13.946 0.045286 0.034837 0.16236
-13.782 0.06313 0.03579 0.1735
-13.618 0.09339 0.037708 0.19193
-13.454 0.1428 0.046124 0.24538
-13.290 0.21226 0.06617 0.36074
-13.127 0.29233 0.0995 0.54816
-12.963 0.36543 0.14246 0.7928
-12.799 0.41484 0.18784 1.0629
-12.635 0.43381 0.2287 1.3298
-12.471 0.42684 0.26155 1.578
-12.308 0.40213 0.28498 1.7916
-12.144 0.36362 0.29578 1.9296
-11.980 0.31091 0.28771 1.9311
-11.816 0.24544 0.25634 1.7571
-11.652 0.17494 0.2049 1.437
-11.489 0.11083 0.14485 1.0791
-11.325 0.06203 0.09007 0.8428
-11.161 0.031182 0.049933 0.914
-10.997 0.015702 0.026882 1.5093
-10.833 0.011341 0.018556 2.8852
-10.670 0.015185 0.021367 5.3101
-10.506 0.026789 0.032406 8.978
-10.342 0.047563 0.049227 13.898
-10.178 0.07876 0.06867 19.789
-10.015 0.11854 0.08628 26.025
-9.851 0.16014 0.09711 31.631
-9.687 0.1929 0.09787 35.408
-9.523 0.20837 0.08878 36.271
-9.359 0.20815 0.07374 33.743
-9.196 0.20926 0.058721 28.325
-9.032 0.24245 0.049259 21.406
-8.868 0.34208 0.048295 14.668
-8.704 0.52934 0.055191 9.343
-8.540 0.7942 0.0661 5.8371
-8.377 1.0862 0.07556 3.8435
-8.213 1.3249 0.07881 2.7683
-8.049 1.4325 0.07376 2.1021
-7.885 1.3709 0.06177 1.5709
-7.721 1.1608 0.04694 1.0992
-7.558 0.8701 0.035019 0.7077
-7.394 0.57739 0.033202 0.43062
-7.230 0.33946 0.051649 0.2882
-7.066 0.17781 0.10539 0.29099
-6.902 0.0853 0.21363 0.45146
-6.739 0.042192 0.39338 0.7803
-6.575 0.028676 0.6482 1.2645
-6.411 0.030126 0.9568 1.8429
-6.247 0.036913 1.2729 2.4034
-6.083 0.042803 1.5368 2.8191
-5.920 0.044224 1.6963 3.004
-5.756 0.040285 1.7254 2.9552
-5.592 0.032497 1.6298 2.7493
-5.428 0.023632 1.4398 2.4945
-5.265 0.016194 1.1964 2.2753
-5.101 0.011397 0.9402 2.1201
-4.937 0.00903 0.7045 2.0014
-4.773 0.008048 0.50881 1.8613
-4.609 0.007334 0.35822 1.6488
-4.446 0.006257 0.24656 1.352
-4.282 0.0047781 0.16396 1.0061
-4.118 0.0032225 0.10295 0.6728
-3.954 0.0019395 0.059639 0.40648
-3.790 0.0010924 0.031496 0.22972
-3.627 0.0006429 0.015379 0.13257
-3.463 0.00044823 0.007378 0.08768
-3.299 0.00036533 0.0038799 0.06755
-3.135 0.00030452 0.0023828 0.054324
-2.971 0.00023419 0.00159 0.040987
-2.808 0.000159 0.0010269 0.027525
-2.644 9.385e-05 0.00059843 0.016129
-2.480 4.7922e-05 0.00030588 0.008192
-2.316 2.1139e-05 0.00013566 0.0035964
-2.152 8.052e-06 5.2034e-05 0.0013643
-1.989 2.6471e-06 1.724e-05 0.00044703
-1.825 7.513e-07 4.9321e-06 0.0001265
-1.661 1.8403e-07 1.2182e-06 3.0909e-05
-1.497 3.891e-08 2.5973e-07 6.523e-06
-1.333 7.1e-09 4.7804e-08 1.1881e-06
-1.170 1.1183e-09 7.595e-09 1.8691e-07
-1.006 1.5202e-10 1.0413e-09 2.5382e-08
-0.842 1.8341e-11 1.2323e-10 2.9759e-09
-0.678 7.996e-12 1.26e-11 3.0124e-10
-0.515 6.456e-11 1.2266e-12 2.6689e-11
-0.351 5.7807e-10 1.1973e-12 5.3852e-12
-0.187 4.4762e-09 9.4709e-12 2.7012e-11
-0.023 2.9908e-08 7.3154e-11 1.8614e-10
0.141 1.7242e-07 5.2228e-10 1.1405e-09
0.304 8.577e-07 3.4813e-09 6.2795e-09
0.468 3.6828e-06 2.1678e-08 3.1696e-08
0.632 1.3645e-05 1.2499e-07 1.4979e-07
0.796 4.3626e-05 6.5866e-07 6.7313e-07
0.960 0.00012039 3.1362e-06 2.8854e-06
1.123 0.00028673 1.341e-05 1.1717e-05
1.287 0.00058957 5.1459e-05 4.4591e-05
1.451 0.0010473 0.000178 0.00015769
1.615 0.0016103 0.00055913 0.00051588
1.779 0.0021575 0.0016061 0.0015558
1.942 0.002575 0.0042354 0.0043063
2.106 0.0029197 0.010237 0.010867
2.270 0.003615 0.022536 0.024797
2.434 0.0055728 0.04479 0.050747
2.598 0.010111 0.07971 0.09255
2.761 0.018521 0.12613 0.14979
2.925 0.031295 0.17696 0.2148
3.089 0.047386 0.21999 0.27326
3.253 0.06425 0.24319 0.30949
3.417 0.07921 0.24097 0.31417
3.580 0.09167 0.21719 0.28888
3.744 0.10476 0.18267 0.24439
3.908 0.12519 0.14918 0.19454
4.072 0.16111 0.12483 0.1503
4.235 0.21953 0.11307 0.11724
4.399 0.30521 0.11488 0.09661
4.563 0.42062 0.13122 0.0879
4.727 0.56455 0.16374 0.09031
4.891 0.7269 0.21337 0.1029
5.054 0.8822 0.27759 0.12372
5.218 0.9933 0.34846 0.14911
5.382 1.0258 0.41278 0.17373
5.546 0.9667 0.45476 0.19132
5.710 0.8332 0.46134 0.19631
5.873 0.6624 0.42782 0.18576
6.037 0.49214 0.3612 0.16126
6.201 0.34781 0.27812 0.12879
6.365 0.2402 0.19812 0.09637
6.529 0.16999 0.13571 0.07079
6.692 0.13248 0.09658 0.055265
6.856 0.12048 0.07835 0.049466
7.020 0.12634 0.07481 0.05101
7.184 0.14366 0.07959 0.057237
7.348 0.16781 0.08827 0.06615
7.511 0.19509 0.09818 0.07635
7.675 0.22154 0.1077 0.08678
7.839 0.24355 0.11583 0.09653
8.003 0.2594 0.12245 0.10541
8.166 0.26997 0.12843 0.11396
8.330 0.27771 0.13511 0.12305
8.494 0.28409 0.14311 0.13288
8.658 0.28866 0.15171 0.14258
8.822 0.28986 0.15946 0.15076
8.985 0.28702 0.16554 0.15685
9.149 0.28124 0.17059 0.1618
9.313 0.27468 0.17608 0.1674
9.477 0.26872 0.18262 0.17459
9.641 0.26273 0.18895 0.18248
9.804 0.25432 0.19261 0.18861
9.968 0.24107 0.19152 0.19056
10.132 0.2227 0.18553 0.18741
10.296 0.20171 0.17638 0.18006
10.460 0.18224 0.16656 0.17053
10.623 0.16758 0.15793 0.16088
10.787 0.15828 0.15087 0.15229
10.951 0.15205 0.14434 0.14467
11.115 0.14524 0.13649 0.13672
11.279 0.13512 0.12573 0.12679
11.442 0.12113 0.11148 0.11386
11.606 0.10449 0.09451 0.09809
11.770 0.08697 0.076293 0.08049
11.934 0.069685 0.058382 0.062546
12.098 0.053201 0.042019 0.045619
12.261 0.038019 0.028135 0.030877
12.425 0.024944 0.017295 0.019146
12.589 0.014774 0.00964 0.010743
12.753 0.0078003 0.0048173 0.0053979
12.916 0.003636 0.0021403 0.0024098
13.080 0.00148807 0.0008399 0.0009494
13.244 0.00053215 0.00028974 0.00032865
13.408 0.000165876 8.7535e-05 9.962e-05
13.572 4.4953e-05 2.3099e-05 2.6359e-05
13.735 1.05767e-05 5.3139e-06 6.0782e-06
13.899 2.15799e-06 1.06333e-06 1.2195e-06
14.063 3.814e-07 1.8491e-07 2.1248e-07
14.227 5.8365e-08 2.7909e-08 3.2128e-08
14.391 7.728e-09 3.6521e-09 4.2115e-09
14.554 8.8465e-10 4.1408e-10 4.7819e-10
14.718 8.7549e-11 4.0638e-11 4.7002e-11
14.882 7.4871e-12 3.4517e-12 3.9959e-12
15.046 5.5298e-13 2.5352e-13 2.9376e-13
15.210 3.527e-14 1.60898e-14 1.8661e-14
15.373 1.94085e-15 8.8431e-16 1.02646e-15
15.537 1.01433e-16 4.5183e-17 5.2683e-17
15.701 0.0 0.0 0.0
15.865 0.0 0.0 0.0
16.029 0.0 0.0 0.0
16.192 0.0 0.0 0.0
16.356 0.0 0.0 0.0
16.520 0.0 0.0 0.0
16.684 0.0 0.0 0.0
16.848 0.0 0.0 0.0
17.011 0.0 0.0 0.0
17.175 0.0 0.0 0.0
17.339 0.0 0.0 0.0
17.503 0.0 0.0 0.0
17.666 0.0 0.0 0.0
17.830 0.0 0.0 0.0
17.994 0.0 0.0 0.0
