-25.827 0.0 0.0 0.0 0.0 0.0 0.0
-25.700 0.0 0.0 0.0 0.0 0.0 0.0
-25.573 0.0 0.0 0.0 0.0 0.0 0.0
-25.446 0.0 0.0 0.0 0.0 0.0 0.0
-25.319 0.0 0.0 0.0 0.0 0.0 0.0
-25.192 0.0 0.0 0.0 0.0 0.0 0.0
-25.065 0.0 0.0 0.0 0.0 0.0 0.0
-24.938 6.83023963e-15 3.47127108e-15 1.33614169e-15 6.7548535e-16 0.0 0.0
-24.811 6.33856049e-12 3.67705138e-12 1.2406605e-12 7.16452e-13 0.0 0.0
-24.684 2.75343254e-09 1.70037285e-09 5.39320776e-10 3.3158021e-10 0.0 0.0
-24.557 5.54322874e-07 3.6608456e-07 1.08652312e-07 7.1460239e-08 0.0 0.0
-24.429 5.2185937e-05 3.7020968e-05 1.02374157e-05 7.2356432e-06 0.0 0.0
-24.302 0.00232325253 0.00177650698 0.00045614208 0.00034769296 0.0 0.0
-24.175 0.049548759 0.04087139 0.0097377982 0.0080117109 0.0 0.0
-24.048 0.51367694 0.45546673 0.101057623 0.08943102 0.0 0.0
-23.921 2.6259722 2.4800487 0.51718041 0.48782426 0.0 0.0
-23.794 6.6999246 6.6386081 1.321135 1.3080147 0.0 0.0
-23.667 8.5970218 8.757449 1.6971664 1.728289 0.0 0.0
-23.540 5.5549554 5.6838566 1.0978045 1.1234118 0.0 0.0
-23.413 1.7980548 1.8052367 0.35570592 0.35725993 0.0 0.0
-23.286 0.288558 0.27816562 0.057132724 0.055107057 0.0 0.0
-23.159 0.0226494534 0.0205801074 0.0044877619 0.0040804604 0.0 0.0
-23.032 0.00085719383 0.00072327813 0.000169941084 0.000143498548 0.0 0.0
-22.905 1.54314245e-05 1.19523051e-05 3.06015176e-06 2.37239182e-06 0.0 0.0
-22.778 1.3054127e-07 9.2026479e-08 2.58929893e-08 1.8273508e-08 0.0 0.0
-22.650 5.13924452e-10 3.27673936e-10 1.01951164e-10 6.5079241e-11 0.0 0.0
-22.523 9.33348497e-13 5.3607767e-13 1.85198244e-13 1.06483765e-13 0.0 0.0
-22.396 4.9019980354e-16 2.4290509612e-16 9.7218873485e-17 4.815830534e-17 0.0 0.0
-22.269 0.0 0.0 0.0 0.0 0.0 0.0
-22.142 0.0 0.0 0.0 0.0 0.0 0.0
-22.015 0.0 0.0 0.0 0.0 0.0 0.0
-21.888 0.0 0.0 0.0 0.0 0.0 0.0
-21.761 0.0 0.0 0.0 0.0 0.0 0.0
-21.634 0.0 0.0 0.0 0.0 0.0 0.0
-21.507 0.0 0.0 0.0 0.0 0.0 0.0
-21.380 0.0 0.0 0.0 0.0 0.0 0.0
-21.253 0.0 0.0 0.0 0.0 0.0 0.0
-21.126 2.355927903e-14 1.095902086e-14 2.366631e-14 1.1057448e-14 0.0 0.0
-20.999 1.666776776e-11 8.46464526e-12 1.67385192e-11 8.535258e-12 0.0 0.0
-20.871 5.38682461e-09 2.98909679e-09 5.4079301e-09 3.0117869e-09 0.0 0.0
-20.744 8.00074781e-07 4.85489749e-07 8.0285474e-07 4.8862324e-07 0.0 0.0
-20.617 5.52206499e-05 3.66709601e-05 5.5378261e-05 3.6854257e-05 0.0 0.0
-20.490 0.00180136367 0.00130991418 0.0018052005 0.00131379151 0.0 0.0
-20.363 0.0284964976 0.0226733706 0.028536252 0.022686486 0.0 0.0
-20.236 0.227226231 0.197034802 0.22730952 0.19659771 0.0 0.0
-20.109 0.96298837 0.90025503 0.9621325 0.896122 0.0 0.0
-19.982 2.2960667 2.2681433 2.2901579 2.2547057 0.0 0.0
-19.855 3.1868539 3.2411385 3.1677281 3.2174554 0.0 0.0
-19.728 2.6295016 2.6876113 2.5241008 2.5890729 0.0 0.0
-19.601 2.139436 2.145843 1.2246002 1.2476514 0.0 0.0
-19.474 5.53806 5.5068 0.93298 0.932088 0.0 0.0
-19.347 13.46877 13.4531 1.783672 1.78182 0.0 0.0
-19.219 17.25324 17.29306 2.272051 2.276883 0.0 0.0
-19.092 11.21261 11.24495 1.486582 1.490118 0.0 0.0
-18.965 3.662104 3.660858 0.4885256 0.4879734 0.0 0.0
-18.838 0.5918244 0.5874052 0.07932965 0.07865315 0.0 0.0
-18.711 0.04644738 0.0456063 0.006248021 0.006126319 0.0 0.0
-18.584 0.0017387186 0.0016834805 0.00023441991 0.00022663354 0.0 0.0
-18.457 3.0568192e-05 2.9111579e-05 4.1275403e-06 3.924669e-06 0.0 0.0
-18.330 2.4938508e-07 2.3312108e-07 3.3707342e-08 3.1455202e-08 0.0 0.0
-18.203 9.356041e-10 8.569327e-10 1.2654221e-10 1.1569374e-10 0.0 0.0
-18.076 1.6031811e-12 1.4388694e-12 2.1692911e-13 1.9433846e-13 0.0 0.0
-17.949 4.84406359e-16 0.0 6.57159157e-17 0.0 0.0 0.0
-17.822 0.0 0.0 0.0 0.0 0.0 0.0
-17.695 0.0 0.0 0.0 0.0 0.0 0.0
-17.568 3.185656e-14 2.8073325e-14 6.854328e-15 6.051239e-15 0.0 0.0
-17.440 2.8992796e-11 2.6169145e-11 6.235787e-12 5.637396e-12 0.0 0.0
-17.313 1.2196098e-08 1.1186647e-08 2.622055e-09 2.40896e-09 0.0 0.0
-17.186 2.3639203e-06 2.2023768e-06 5.07797e-07 4.73817e-07 0.0 0.0
-17.059 0.00021269541 0.00020111418 4.559903e-05 4.317988e-05 0.0 0.0
-16.932 0.008965985 0.008597017 0.001914509 0.00183825 0.0 0.0
-16.805 0.1792385 0.17405105 0.03797559 0.03692486 0.0 0.0
-16.678 1.725973 1.6943375 0.3603944 0.3542626 0.0 0.0
-16.551 8.179881 8.099126 1.663684 1.64986 0.0 0.0
-16.424 19.75204 19.68089 3.833521 3.826102 0.0 0.0
-16.297 26.08684 26.11293 4.65907 4.66994 0.0 0.0
-16.170 21.777 21.8841 3.40949 3.42718 0.0 0.0
-16.043 13.36061 13.43695 1.828086 1.837251 0.0 0.0
-15.916 5.687241 5.683149 0.7255667 0.7242591 0.0 0.0
-15.789 1.3868841 1.3681155 0.17324061 0.17065854 0.0 0.0
-15.661 0.17098668 0.16572694 0.021254399 0.020568975 0.0 0.0
-15.534 0.010107715 0.009588182 0.0012552454 0.0011886846 0.0 0.0
-15.407 0.0002800444 0.000259125 3.4776557e-05 3.211973e-05 0.0 0.0
-15.280 3.593183e-06 3.233755e-06 4.462679e-07 4.008758e-07 0.0 0.0
-15.153 2.1191552e-08 1.8501044e-08 2.6320197e-09 2.2937717e-09 0.0 0.0
-15.026 5.71182e-11 4.82844e-11 7.095505e-12 5.987158e-12 0.0 0.0
-14.899 6.953658e-14 5.695664e-14 8.639894e-15 7.06366e-15 0.0 0.0
-14.772 0.0 0.0 0.0 0.0 0.0 0.0
-14.645 0.0 0.0 0.0 0.0 0.0 0.0
-14.518 1.8025934e-15 1.6747172e-15 1.3302338e-15 1.2349303e-15 0.0 0.0
-14.391 1.8382695e-12 1.7673625e-12 1.3540899e-12 1.3007875e-12 0.0 0.0
-14.264 8.298643e-10 8.017635e-10 6.106124e-10 5.894634e-10 0.0 0.0
-14.137 1.7338103e-07 1.6828647e-07 1.2734857e-07 1.2351419e-07 0.0 0.0
-14.010 1.7014601e-05 1.6581437e-05 1.2464726e-05 1.2138821e-05 0.0 0.0
-13.882 0.0007996237 0.000781862 0.0005837184 0.0005704083 0.0 0.0
-13.755 0.018417248 0.018057845 0.013382354 0.013114543 0.0 0.0
-13.628 0.21314182 0.20954513 0.15402742 0.15137107 0.0 0.0
-13.501 1.2749914 1.2580308 0.9157982 0.9033037 0.0 0.0
-13.374 4.100867 4.068109 2.925107 2.901157 0.0 0.0
-13.247 7.502553 7.494493 5.308995 5.30254 0.0 0.0
-13.120 8.201749 8.23782 5.756953 5.782531 0.0 0.0
-12.993 5.312273 5.340274 3.706973 3.727107 0.0 0.0
-12.866 1.947449 1.947616 1.369667 1.369671 0.0 0.0
-12.739 0.788111 0.7748256 0.710504 0.697731 0.0 0.0
-12.612 2.256199 2.2248809 2.406856 2.37444 0.0 0.0
-12.485 5.81936 5.791789 6.28284 6.24966 0.0 0.0
-12.358 8.129431 8.117867 9.05645 9.01388 0.0 0.0
-12.231 6.99374 6.94332 8.89541 8.78518 0.0 0.0
-12.103 5.51012 5.50401 9.04514 9.05495 0.0 0.0
-11.976 4.54843 4.64947 8.60633 8.81948 0.0 0.0
-11.849 2.582827 2.640527 5.075668 5.184677 0.0 0.0
-11.722 0.7979504 0.7891125 1.5887496 1.565569 0.0 0.0
-11.595 0.12650209 0.11715803 0.2539976 0.2338883 0.0 0.0
-11.468 0.010069348 0.008481962 0.020355295 0.01701939 0.0 0.0
-11.341 0.0003952721 0.00029543316 0.0008033779 0.0005953365 0.0 0.0
-11.214 7.5176855e-06 4.8884452e-06 1.534215e-05 9.885243e-06 0.0 0.0
-11.087 7.0703543e-08 3.9488385e-08 1.5389e-07 8.55538e-08 0.0 0.0
-10.960 3.40950525e-07 2.15652767e-07 1.906697e-06 1.219153e-06 0.0 0.0
-10.833 2.073400715e-05 1.413897261e-05 0.000116273 8.00945e-05 0.0 0.0
-10.706 0.000590249433 0.00043264723 0.00332716 0.002460799 0.0 0.0
-10.579 0.00809425528 0.0063558614 0.04616638 0.03651699 0.0 0.0
-10.452 0.05657753 0.047420952 0.3309122 0.2787789 0.0 0.0
-10.324 0.221264959 0.19740326 1.355616 1.212447 0.0 0.0
-10.197 0.5376445 0.50833355 3.528487 3.336305 0.0 0.0
-10.070 0.8641245 0.8569615 6.19174 6.13378 0.0 0.0
-9.943 0.984384 1.005734 7.63311 7.83047 0.0 0.0
-9.816 1.085124 1.103944 7.2267 7.52852 0.0 0.0
-9.689 1.8250546 1.8173525 6.59751 6.7193 0.0 0.0
-9.562 3.2743737 3.267735 7.51227 7.4842 0.0 0.0
-9.435 3.9499217 3.9707126 8.28529 8.2838 0.0 0.0
-9.308 2.874599 2.88673 6.98769 6.96897 0.0 0.0
-9.181 1.520005 1.508453 6.14463 6.06516 0.0 0.0
-9.054 1.108042 1.097865 7.440627 7.376033 0.0 0.0
-8.927 1.148972 1.151391 8.688105 8.70627 0.0 0.0
-8.800 0.989787 1.001265 7.55056 7.639988 0.0 0.0
-8.673 0.5358367 0.5438844 4.106413 4.167731 0.0 0.0
-8.545 0.16706332 0.1677297 1.506421 1.484761 0.0 0.0
-8.418 0.08265779 0.07965734 1.851395 1.739591 0.0 0.0
-8.291 0.1762867 0.173601 4.802642 4.662569 0.0 0.0
-8.164 0.344044 0.3442647 8.26937 8.25346 0.0 0.0
-8.037 0.6342083 0.6341903 10.57601 10.72988 0.0 0.0
-7.910 1.0924393 1.0904754 12.73934 12.9175 0.0 0.0
-7.783 1.2650272 1.2618455 13.09971 13.10625 0.0 0.0
-7.656 0.8621057 0.8486499 10.1055 9.67214 0.0 0.0
-7.529 0.4384518 0.4063656 9.32654 8.36263 0.0 0.0
-7.402 0.3277976 0.2962556 12.36162 11.67596 0.0 0.0
-7.275 0.320951 0.3232846 13.84521 14.4274 0.0 0.0
-7.148 0.2787071 0.3088984 11.98869 13.05187 0.0 0.0
-7.021 0.2361443 0.2628699 9.2732 9.35676 0.0 0.0
-6.894 0.2346323 0.2534761 7.73496 7.29589 0.0 0.0
-6.766 0.2499173 0.268185 7.20638 7.26161 0.0 0.0
-6.639 0.2334095 0.2602663 6.219335 7.06522 0.0 0.0
-6.512 0.20095143 0.2234025 4.89441 5.75052 0.0 0.0
-6.385 0.183556 0.18318938 4.073466 4.065158 0.0 0.0
-6.258 0.1901646 0.1779456 3.948525 3.36507 0.0 0.0
-6.131 0.2656247 0.2616786 5.62207 5.05534 0.0 0.0
-6.004 0.4140587 0.4330839 9.28156 8.96571 0.0 0.0
-5.877 0.5299528 0.5591666 12.23377 12.08338 0.0 0.0
-5.750 0.5268672 0.5346674 12.84006 12.61597 0.0 0.0
-5.623 0.4087737 0.3929445 12.30053 11.94638 0.0 0.0
-5.496 0.275484 0.255983 12.90644 12.91266 0.0 0.0
-5.369 0.2174317 0.2056327 14.78909 15.57752 0.0 0.0
-5.242 0.2037252 0.2009942 14.6788 15.68694 0.0 0.0
-5.115 0.2030643 0.2040614 12.18816 12.8325 0.0 0.0
-4.987 0.2137578 0.2066544 9.95933 10.12769 0.0 0.0
-4.860 0.1962144 0.1745104 7.93495 7.59247 0.0 0.0
-4.733 0.13808553 0.11339545 5.52423 4.94674 0.0 0.0
-4.606 0.083332 0.06832541 3.750787 3.289223 0.0 0.0
-4.479 0.05447799 0.0450864 2.864554 2.487291 0.0 0.0
-4.352 0.03708704 0.029087106 2.158183 1.819952 0.0 0.0
-4.225 0.024702786 0.019860571 1.547259 1.220296 0.0 0.0
-4.098 0.026729301 0.02559495 1.3625909 1.050783 0.0 0.0
-3.971 0.041087338 0.04354797 1.2461342 1.2254817 0.0 0.0
-3.844 0.054159357 0.056161237 1.0037686 1.422489 0.0 0.0
-3.717 0.064010446 0.061678032 0.8803028 1.6814077 0.0 0.0
-3.590 0.088337349 0.080694841 1.0845263 1.986396 0.0 0.0
-3.463 0.122455324 0.101709813 1.707112 1.9806362 0.0 0.0
-3.336 0.12621484 0.099830457 2.451142 1.6686604 0.0 0.0
-3.208 0.09307426 0.095834043 2.747664 1.62279 0.0 0.0
-3.081 0.0562533 0.11018117 2.388095 2.272147 0.0 0.0
-2.954 0.04553055 0.11412532 2.049422 2.946084 0.0 0.0
-2.827 0.052129908 0.07857027 2.0232204 2.4665779 0.0 0.0
-2.700 0.049573093 0.032020802 2.063034 1.522723 0.0 0.0
-2.573 0.03281259 0.011821976 3.071721 2.462646 0.0 0.0
-2.446 0.0232529 0.0172656 6.72456 6.54463 0.0 0.0
-2.319 0.03092582 0.03347074 11.97605 12.08556 0.0 0.0
-2.192 0.0420781 0.0461223 14.83822 15.25657 0.0 0.0
-2.065 0.0447716 0.0447815 13.14752 13.73601 0.0 0.0
-1.938 0.03816386 0.03097974 8.90511 9.12046 0.0 0.0
-1.811 0.02554061 0.01520812 4.85882 4.55676 0.0 0.0
-1.684 0.012055909 0.00556405 2.216936 1.938231 0.0 0.0
-1.556 0.00387222 0.001825061 0.9607815 0.886582 0.0 0.0
-1.429 0.000927761 0.0005587722 0.36127391 0.35476755 0.0 0.0
-1.302 0.00016325393 0.0001181292 0.083558949 0.083810718 0.0 0.0
-1.175 1.71916378e-05 1.3398826e-05 0.0097572386 0.0098624115 0.0 0.0
-1.048 9.2000414e-07 7.3642139e-07 0.00053947963 0.00054834401 0.0 0.0
-0.921 2.33367545e-08 1.8904149e-08 1.38188835e-05 1.41286638e-05 0.0 0.0
-0.794 2.73442422e-10 2.2324175e-10 1.62390186e-07 1.67025923e-07 0.0 0.0
-0.667 1.46374863e-12 1.20296811e-12 8.6998411e-10 9.0036937e-10 0.0 0.0
-0.540 3.55807013e-15 2.94292662e-15 2.11567438e-12 2.2030449e-12 0.0 0.0
-0.413 3.79250946e-18 3.23110889e-18 2.25503758e-15 2.41861305e-15 0.0 0.0
-0.286 0.0 0.0 0.0 0.0 0.0 0.0
-0.159 0.0 0.0 0.0 0.0 0.0 0.0
-0.032 0.0 0.0 0.0 0.0 0.0 0.0
0.095 0.0 0.0 0.0 0.0 0.0 0.0
0.223 0.0 3.328701371e-17 0.0 2.13650349e-16 0.0 0.0
0.350 0.0 3.294787002e-14 0.0 2.11491719e-13 0.0 0.0
0.477 0.0 1.482251501e-11 0.0 9.5154403e-11 0.0 0.0
0.604 0.0 3.028303739e-09 0.0 1.94446887e-08 0.0 0.0
0.731 3.4977217369e-18 2.824618953e-07 2.12426054e-17 1.81455304e-06 0.0 0.0
0.858 3.7664112862e-15 1.213001455e-05 2.28826872e-14 7.8017502e-05 0.0 0.0
0.985 2.2346253678e-12 0.000243160909 1.3588936e-11 0.00156819262 0.0 0.0
1.112 6.012934793e-10 0.00233245631 3.66082335e-09 0.0151321947 0.0 0.0
1.239 7.37833177e-08 0.0112107846 4.50315768e-07 0.073569552 0.0 0.0
1.366 4.15666564e-06 0.0290951369 2.54968846e-05 0.194443174 0.0 0.0
1.493 0.0001086880801 0.0442429235 0.0006733905 0.301543051 0.0 0.0
1.620 0.001340324118 0.0403373216 0.0084648999 0.278316133 0.0 0.0
1.747 0.00799420855 0.0208627987 0.052226945 0.144363332 0.0 0.0
1.874 0.0241370391 0.00569195156 0.16627489 0.039361451 0.0 0.0
2.002 0.0413123156 0.00102515988 0.30497656 0.00876127 0.0 0.0
2.129 0.054673347 0.0027407014 0.42873305 0.037064972 0.0 0.0
2.256 0.075954388 0.0135661014 0.62682507 0.18697 0.0 0.0
2.383 0.087472592 0.03441314 0.8255655 0.5099424 0.0 0.0
2.510 0.07033998 0.053908708 1.121357 1.10399 0.0 0.0
2.637 0.0584255 0.07533423 2.5647 2.773311 0.0 0.0
2.764 0.06805799 0.09889574 5.57895 5.82949 0.0 0.0
2.891 0.0782688 0.1047646 7.86189 8.05057 0.0 0.0
3.018 0.0964991 0.1097274 7.92912 8.00434 0.0 0.0
3.145 0.1247673 0.129479 6.68715 6.69886 0.0 0.0
3.272 0.1109886 0.1138173 4.262519 4.330695 0.0 0.0
3.399 0.05458297 0.05622127 1.671759 1.748203 0.0 0.0
3.526 0.0206816 0.02117208 0.409997 0.438612 0.0 0.0
3.653 0.03699283 0.03743308 0.485311 0.491305 0.0 0.0
3.781 0.1076695 0.1075263 2.190321 2.172909 0.0 0.0
3.908 0.2197675 0.215687 6.099967 5.998815 0.0 0.0
4.035 0.295451 0.2902292 9.4788 9.30604 0.0 0.0
4.162 0.2777589 0.2784469 9.27951 9.15008 0.0 0.0
4.289 0.228481 0.2340503 7.5902 7.55321 0.0 0.0
4.416 0.2241427 0.2291235 6.23257 6.27323 0.0 0.0
4.543 0.3076528 0.3096603 5.43076 5.45945 0.0 0.0
4.670 0.452511 0.457694 5.48629 5.452 0.0 0.0
4.797 0.519791 0.531178 5.16448 5.19389 0.0 0.0
4.924 0.452574 0.456751 3.799201 3.889067 0.0 0.0
5.051 0.3456573 0.3400861 2.3047 2.338562 0.0 0.0
5.178 0.275849 0.2698002 1.38409 1.384843 0.0 0.0
5.305 0.2642202 0.2594756 1.028951 1.033392 0.0 0.0
5.432 0.366151 0.361209 1.107892 1.113402 0.0 0.0
5.560 0.5069681 0.4997379 1.417487 1.414198 0.0 0.0
5.687 0.5201375 0.5139902 1.545914 1.540859 0.0 0.0
5.814 0.447691 0.449277 1.420898 1.432426 0.0 0.0
5.941 0.396925 0.402034 1.257259 1.27769 0.0 0.0
6.068 0.390275 0.391685 1.125188 1.138235 0.0 0.0
6.195 0.538876 0.537235 1.382811 1.388173 0.0 0.0
6.322 0.835658 0.846709 2.207393 2.224486 0.0 0.0
6.449 0.972485 1.00443 2.67433 2.71355 0.0 0.0
6.576 0.912019 0.933904 2.4382 2.45585 0.0 0.0
6.703 0.7916274 0.7756211 2.06766 2.01183 0.0 0.0
6.830 0.6596892 0.631894 1.7786 1.70013 0.0 0.0
6.957 0.667509 0.661573 1.69043 1.675515 0.0 0.0
7.084 0.704286 0.713632 1.67916 1.71694 0.0 0.0
7.211 0.662923 0.674031 1.86435 1.9034 0.0 0.0
7.339 0.689948 0.699588 2.39347 2.40807 0.0 0.0
7.466 0.688037 0.692014 2.61917 2.60168 0.0 0.0
7.593 0.679477 0.672288 2.76474 2.70409 0.0 0.0
7.720 0.802286 0.78971 3.35565 3.24565 0.0 0.0
7.847 0.896514 0.901147 3.66042 3.56753 0.0 0.0
7.974 0.908424 0.933721 3.54938 3.52212 0.0 0.0
8.101 0.928175 0.943252 3.77498 3.74438 0.0 0.0
8.228 0.96336 0.951723 4.35445 4.25848 0.0 0.0
8.355 1.006869 0.996935 4.53466 4.48585 0.0 0.0
8.482 0.97601 0.973022 4.03196 4.11483 0.0 0.0
8.609 0.90824 0.881355 3.73791 3.80602 0.0 0.0
8.736 1.012659 0.960476 4.25306 4.12603 0.0 0.0
8.863 1.174082 1.153178 4.5429 4.39585 0.0 0.0
8.990 1.215847 1.254114 3.96608 4.03574 0.0 0.0
9.118 1.300138 1.357231 3.54683 3.70658 0.0 0.0
9.245 1.352916 1.382687 3.50837 3.5737 0.0 0.0
9.372 1.191048 1.17437 3.21153 3.16124 0.0 0.0
9.499 0.986292 0.945135 2.80653 2.75623 0.0 0.0
9.626 0.905071 0.879214 2.66569 2.71036 0.0 0.0
9.753 0.885348 0.888385 2.69216 2.83244 0.0 0.0
9.880 0.845237 0.828214 2.64168 2.71261 0.0 0.0
10.007 0.722489 0.669215 2.30457 2.210126 0.0 0.0
10.134 0.526516 0.481316 1.720151 1.553453 0.0 0.0
10.261 0.3114078 0.3176633 1.041231 0.938083 0.0 0.0
10.388 0.1328966 0.1929284 0.449678 0.496794 0.0 0.0
10.515 0.03501619 0.0862407 0.1186443 0.2034374 0.0 0.0
10.642 0.005006022 0.021554841 0.01691385 0.04924285 0.0 0.0
10.769 0.000358489 0.0026485639 0.001207514 0.00599304 0.0 0.0
10.897 1.2306495e-05 0.00015313511 4.136278e-05 0.0003455563 0.0 0.0
11.024 1.9763361e-07 4.0965334e-06 6.634189e-07 9.23689e-06 0.0 0.0
11.151 1.4635052e-09 5.0264574e-08 4.908591e-09 1.133139e-07 0.0 0.0
11.278 4.9520165e-12 2.8120799e-10 1.66006e-11 6.338873e-10 0.0 0.0
11.405 7.6188289e-15 7.1417358e-13 2.553593e-14 1.609928e-12 0.0 0.0
11.532 0.0 8.0411048e-16 0.0 1.812491e-15 0.0 0.0
11.659 0.0 0.0 0.0 0.0 0.0 0.0
11.786 0.0 0.0 0.0 0.0 0.0 0.0
11.913 0.0 0.0 0.0 0.0 0.0 0.0
12.040 0.0 0.0 0.0 0.0 0.0 0.0
12.167 0.0 0.0 0.0 0.0 0.0 0.0
12.294 0.0 0.0 0.0 0.0 0.0 0.0
