-25.827 0.0 0.0 0.0 0.0 0.0 0.0
-25.700 0.0 0.0 0.0 0.0 0.0 0.0
-25.573 0.0 0.0 0.0 0.0 0.0 0.0
-25.446 0.0 0.0 0.0 0.0 0.0 0.0
-25.319 0.0 0.0 0.0 0.0 0.0 0.0
-25.192 0.0 0.0 0.0 0.0 0.0 0.0
-25.065 0.0 0.0 0.0 0.0 0.0 0.0
-24.938 9.3808e-17 5.4704e-17 2.05142e-17 8.3619e-18 1.81716e-17 8.3416e-18
-24.811 8.3573e-14 5.3694e-14 2.06685e-14 1.0694e-14 1.78292e-14 9.8199e-15
-24.684 3.4526e-11 2.3433e-11 9.7906e-12 5.5617e-12 8.229e-12 4.874e-12
-24.557 6.5475e-09 4.7009e-09 2.1513e-09 1.34263e-09 1.7659e-09 1.12963e-09
-24.429 5.7385e-07 4.3653e-07 2.209e-07 1.5123e-07 1.7769e-07 1.2302e-07
-24.302 2.3451e-05 1.8916e-05 1.0697e-05 8.0064e-06 8.4652e-06 6.3459e-06
-24.175 0.00045147 0.00038604 0.00024697 0.00020089 0.00019307 0.00015645
-24.048 0.0041414 0.0037453 0.0027504 0.0024112 0.0021336 0.0018586
-23.921 0.01832 0.017429 0.014946 0.01396 0.011555 0.010725
-23.794 0.039524 0.039202 0.040019 0.039253 0.03096 0.03024
-23.667 0.041977 0.04282 0.05313 0.053827 0.04128 0.041753
-23.540 0.022091 0.02276 0.035035 0.036005 0.027408 0.028199
-23.413 0.0057782 0.0058803 0.011438 0.011704 0.009025 0.009271
-23.286 0.0007509 0.00073608 0.0018354 0.0018367 0.0014615 0.0014716
-23.159 4.8294e-05 4.4456e-05 0.00014322 0.00013785 0.0001151 0.00011169
-23.032 1.5278e-06 1.289e-06 5.3722e-06 4.9009e-06 4.3561e-06 4.0116e-06
-22.905 2.3561e-08 1.7867e-08 9.5732e-08 8.1775e-08 7.8236e-08 6.7528e-08
-22.778 1.7533e-10 1.17831e-10 8.021e-10 6.347e-10 6.599e-10 5.2821e-10
-22.650 6.2275e-13 3.6791e-13 3.1296e-12 2.2762e-12 2.5897e-12 1.9061e-12
-22.523 1.04026e-15 5.3651e-16 5.642e-15 3.7482e-15 4.6899e-15 3.1548e-15
-22.396 4.272344e-19 2.083888e-19 2.861333e-18 1.832881e-18 2.413625e-18 1.551001e-18
-22.269 0.0 0.0 0.0 0.0 0.0 0.0
-22.142 0.0 0.0 0.0 0.0 0.0 0.0
-22.015 0.0 0.0 0.0 0.0 0.0 0.0
-21.888 0.0 0.0 0.0 0.0 0.0 0.0
-21.761 0.0 0.0 0.0 0.0 0.0 0.0
-21.634 0.0 0.0 0.0 0.0 0.0 0.0
-21.507 0.0 0.0 0.0 0.0 0.0 0.0
-21.380 0.0 0.0 0.0 0.0 0.0 0.0
-21.253 0.0 0.0 0.0 0.0 0.0 0.0
-21.126 2.7782e-15 1.3768e-15 5.2003e-16 2.2717e-16 3.8558e-16 1.6473e-16
-20.999 1.95559e-12 1.05752e-12 3.7035e-13 1.7653e-13 2.76e-13 1.2835e-13
-20.871 6.2753e-10 3.7032e-10 1.2083e-10 6.2927e-11 9.076e-11 4.6183e-11
-20.744 9.222e-08 5.9348e-08 1.8226e-08 1.0383e-08 1.3858e-08 7.7286e-09
-20.617 6.253e-06 4.388e-06 1.2917e-06 8.065e-07 1.00008e-06 6.123e-07
-20.490 0.00019796 0.00015121 4.4123e-05 3.0263e-05 3.5029e-05 2.3608e-05
-20.363 0.0029712 0.0024617 0.00075517 0.0005704 0.00061833 0.00045941
-20.236 0.021549 0.019238 0.006833 0.0056734 0.0057645 0.0047132
-20.109 0.077207 0.073461 0.03447 0.031174 0.029677 0.026463
-19.982 0.13981 0.13962 0.09967 0.09615 0.08639 0.08251
-19.855 0.13059 0.13427 0.16257 0.16338 0.14085 0.14098
-19.728 0.064065 0.066513 0.14372 0.14758 0.1247 0.12816
-19.601 0.016994 0.017568 0.066483 0.068883 0.058248 0.060513
-19.474 0.0035252 0.0035858 0.017351 0.017941 0.016225 0.016759
-19.347 0.0029864 0.0029808 0.006653 0.006699 0.007964 0.007974
-19.219 0.0034984 0.0034988 0.0059603 0.0059604 0.007614 0.007596
-19.092 0.0022198 0.0022252 0.0035246 0.0035287 0.0044507 0.0044618
-18.965 0.000715 0.0007159 0.0010652 0.0010647 0.0013252 0.0013334
-18.838 0.00011475 0.00011435 0.00016097 0.00015998 0.00019773 0.00019914
-18.711 8.992e-06 8.884e-06 1.1978e-05 1.179e-05 1.4569e-05 1.4631e-05
-18.584 3.3719e-07 3.2921e-07 4.31e-07 4.1854e-07 5.2038e-07 5.1904e-07
-18.457 5.9515e-09 5.7253e-09 7.3648e-09 7.0356e-09 8.85e-09 8.734e-09
-18.330 4.879e-11 4.6149e-11 5.888e-11 5.5198e-11 7.0519e-11 6.8677e-11
-18.203 1.8402e-13 1.7082e-13 2.1764e-13 1.9994e-13 2.602e-13 2.4942e-13
-18.076 3.171e-16 2.8871e-16 3.6863e-16 3.3205e-16 4.4028e-16 4.1536e-16
-17.949 1.090432e-19 0.0 9.78942e-20 0.0 1.193926e-19 0.0
-17.822 0.0 0.0 0.0 0.0 0.0 0.0
-17.695 0.0 0.0 0.0 0.0 0.0 0.0
-17.568 1.7143e-17 1.5256e-17 3.7932e-17 3.4114e-17 6.1995e-17 5.4438e-17
-17.440 1.5857e-14 1.4634e-14 3.431e-14 3.1367e-14 5.5848e-14 4.993e-14
-17.313 6.8448e-12 6.3945e-12 1.4301e-11 1.3265e-11 2.3157e-11 2.1005e-11
-17.186 1.3669e-09 1.2924e-09 2.7426e-09 2.5783e-09 4.4136e-09 4.0596e-09
-17.059 1.2719e-07 1.2164e-07 2.4368e-07 2.3205e-07 3.8944e-07 3.6307e-07
-16.932 5.5639e-06 5.3776e-06 1.0124e-05 9.757e-06 1.6056e-05 1.5165e-05
-16.805 0.00011561 0.00011286 0.00019906 0.00019396 0.0003131 0.0002994
-16.678 0.0011563 0.0011385 0.0018821 0.0018514 0.0029323 0.0028363
-16.551 0.005663 0.0056155 0.008737 0.008661 0.013462 0.013153
-16.424 0.013947 0.013896 0.020495 0.020429 0.031186 0.030734
-16.297 0.018154 0.018153 0.025399 0.025418 0.038264 0.037971
-16.170 0.013875 0.01392 0.018113 0.018195 0.027357 0.027306
-16.043 0.007234 0.007286 0.008575 0.008635 0.01321 0.013254
-15.916 0.0026671 0.0026882 0.002932 0.0029418 0.0045849 0.0046076
-15.789 0.00060136 0.00060234 0.00064455 0.0006394 0.0010026 0.0010033
-15.661 7.1443e-05 7.069e-05 7.684e-05 7.495e-05 0.00011757 0.0001165
-15.534 4.1472e-06 4.0327e-06 4.5106e-06 4.3116e-06 6.7761e-06 6.6172e-06
-15.407 1.137e-07 1.0824e-07 1.2518e-07 1.1689e-07 1.8478e-07 1.7711e-07
-15.280 1.4491e-09 1.3454e-09 1.6132e-09 1.4675e-09 2.3434e-09 2.1959e-09
-15.153 8.5017e-12 7.677e-12 9.561e-12 8.451e-12 1.3685e-11 1.2498e-11
-15.026 2.2817e-14 1.9996e-14 2.5894e-14 2.2203e-14 3.6566e-14 3.2459e-14
-14.899 2.7669e-17 2.3532e-17 3.1714e-17 2.6377e-17 4.4131e-17 3.8101e-17
-14.772 0.0 0.0 0.0 0.0 0.0 0.0
-14.645 0.0 0.0 0.0 0.0 0.0 0.0
-14.518 1.1473e-17 1.0522e-17 1.4699e-19 1.3363e-19 7.0524e-18 6.5834e-18
-14.391 1.1203e-14 1.062e-14 2.7589e-16 2.6605e-16 7.0258e-15 6.7839e-15
-14.264 4.9175e-12 4.6858e-12 1.6065e-13 1.5558e-13 3.127e-12 3.034e-12
-14.137 9.819e-10 9.405e-10 4.5426e-11 4.4076e-11 6.3894e-10 6.2277e-10
-14.010 8.973e-08 8.637e-08 6.2033e-09 6.0233e-09 6.0645e-08 5.9347e-08
-13.882 3.7844e-06 3.6605e-06 4.0606e-07 3.9454e-07 2.719e-06 2.6703e-06
-13.755 7.452e-05 7.2449e-05 1.266e-05 1.2321e-05 5.8896e-05 5.799e-05
-13.628 0.0006967 0.0006805 0.00018778 0.00018332 0.00063432 0.00062559
-13.501 0.0031665 0.0031097 0.0013321 0.0013066 0.0035153 0.0034716
-13.374 0.00725 0.007162 0.0045916 0.0045341 0.01045 0.010347
-13.247 0.008833 0.008793 0.007947 0.007912 0.017526 0.01743
-13.120 0.0061816 0.0062087 0.007314 0.007344 0.017314 0.01731
-12.993 0.0026664 0.0026991 0.0038458 0.0038791 0.010101 0.010129
-12.866 0.000951 0.0009532 0.001437 0.0014369 0.003844 0.0038294
-12.739 0.003007 0.0029093 0.0027661 0.0027032 0.0061443 0.0059791
-12.612 0.01646 0.015897 0.012538 0.012326 0.02691 0.026256
-12.485 0.050692 0.048694 0.032277 0.031708 0.066644 0.064734
-12.358 0.10534 0.10055 0.054579 0.052277 0.10708 0.09992
-12.231 0.18473 0.17929 0.10053 0.0951 0.19074 0.17212
-12.103 0.25221 0.25317 0.18798 0.18522 0.34714 0.32911
-11.976 0.22057 0.22635 0.21697 0.22116 0.38709 0.38845
-11.849 0.11144 0.11396 0.1309 0.13426 0.22483 0.23339
-11.722 0.030728 0.030419 0.040201 0.040237 0.066411 0.069279
-11.595 0.0044374 0.0041317 0.0062413 0.0059076 0.009928 0.010091
-11.468 0.00032545 0.00027736 0.00048511 0.00042151 0.00074575 0.0007161
-11.341 1.1851e-05 9.016e-06 1.8619e-05 1.4472e-05 2.7823e-05 2.4513e-05
-11.214 2.1046e-07 1.398e-07 3.4715e-07 2.3626e-07 5.0752e-07 4.0014e-07
-11.087 3.9544e-09 2.3226e-09 3.1797e-09 1.8437e-09 4.9147e-09 3.2301e-09
-10.960 2.8515e-07 1.8558e-07 1.1638e-08 4.4585e-09 6.2496e-08 2.2118e-08
-10.833 1.7288e-05 1.2143e-05 7.5866e-07 3.19e-07 3.9596e-06 1.52385e-06
-10.706 0.00048769 0.00036894 2.4903e-05 1.1822e-05 0.000122442 5.2091e-05
-10.579 0.006545 0.005321 0.00044345 0.00024763 0.00196161 0.00095471
-10.452 0.043573 0.037955 0.0045944 0.0030853 0.0175864 0.0101911
-10.324 0.15455 0.1437 0.028311 0.02239 0.093648 0.065236
-10.197 0.32019 0.31548 0.10276 0.09165 0.30339 0.24607
-10.070 0.40953 0.42192 0.22412 0.2166 0.61375 0.55203
-9.943 0.32016 0.33686 0.3129 0.31877 0.81662 0.78234
-9.816 0.15332 0.15741 0.29307 0.3079 0.74417 0.74159
-9.689 0.050536 0.046588 0.18452 0.19359 0.49651 0.50255
-9.562 0.016033 0.012988 0.08567 0.086213 0.31764 0.31675
-9.435 0.00998 0.009052 0.04091 0.039742 0.22721 0.22383
-9.308 0.012096 0.011978 0.022245 0.021817 0.14149 0.13687
-9.181 0.015892 0.016006 0.015038 0.015167 0.104438 0.094917
-9.054 0.021672 0.021947 0.017443 0.01788 0.136922 0.120657
-8.927 0.028125 0.028645 0.020845 0.021261 0.172034 0.152256
-8.800 0.02694 0.027514 0.019005 0.019222 0.150891 0.136156
-8.673 0.015403 0.015649 0.011169 0.011173 0.082059 0.075298
-8.545 0.0048706 0.004867 0.005489 0.0052521 0.052291 0.042317
-8.418 0.0020921 0.002038 0.010455 0.009931 0.150848 0.117307
-8.291 0.0043021 0.0042374 0.025417 0.025147 0.38067 0.31464
-8.164 0.010576 0.010295 0.038611 0.039433 0.55739 0.47401
-8.037 0.029297 0.028109 0.039945 0.041382 0.5275 0.44646
-7.910 0.060693 0.058554 0.034407 0.034724 0.42456 0.34942
-7.783 0.072481 0.069743 0.03056 0.027548 0.46547 0.3286
-7.656 0.065439 0.057383 0.043985 0.029225 1.071432 0.554013
-7.529 0.100919 0.078517 0.095334 0.056058 2.627066 1.263556
-7.402 0.19949 0.15825 0.145894 0.094541 3.928624 2.049431
-7.275 0.30785 0.26076 0.140517 0.116216 3.6135 2.42425
-7.148 0.37124 0.36869 0.11579 0.13585 2.89228 2.97774
-7.021 0.45512 0.53136 0.12071 0.176359 2.97434 3.99132
-6.894 0.66965 0.75384 0.1498 0.215686 3.17016 4.42095
-6.766 0.888 0.8995 0.18058 0.22389 2.80105 3.6778
-6.639 0.8236 0.7991 0.20338 0.22725 2.06155 2.60117
-6.512 0.50318 0.4931 0.242204 0.254145 1.5065 1.85675
-6.385 0.24024 0.24431 0.282386 0.278272 1.3165 1.5015
-6.258 0.144244 0.15312 0.275372 0.270641 1.2781 1.3734
-6.131 0.118806 0.133819 0.229735 0.239122 1.2254 1.2381
-6.004 0.104151 0.123687 0.203927 0.231197 1.25722 1.2042
-5.877 0.105363 0.115021 0.233099 0.274042 1.71776 1.4895
-5.750 0.107706 0.094144 0.266642 0.312363 2.5519 2.0344
-5.623 0.100233 0.070215 0.27311 0.30832 3.248 2.7086
-5.496 0.10676 0.08203 0.27236 0.26791 3.5878 3.3882
-5.369 0.12926 0.12258 0.27244 0.23136 3.7326 3.8368
-5.242 0.12356 0.13029 0.29343 0.25122 3.7654 3.7618
-5.115 0.08589 0.093835 0.35481 0.32333 3.8202 3.4749
-4.987 0.056012 0.057462 0.40652 0.36634 3.7187 3.2955
-4.860 0.036716 0.034213 0.37167 0.31702 3.2876 3.1916
-4.733 0.020041 0.017848 0.27917 0.23286 2.9025 3.0305
-4.606 0.011559 0.0085238 0.20963 0.17933 2.7904 2.6195
-4.479 0.0097754 0.0053549 0.173259 0.137076 2.6903 2.0492
-4.352 0.0077259 0.0048895 0.130767 0.090244 2.29365 1.71114
-4.225 0.00476985 0.0053884 0.083686 0.054487 2.04595 2.20302
-4.098 0.00347422 0.0093217 0.0813778 0.05668 2.33439 4.37222
-3.971 0.0030942 0.016229 0.1309877 0.103559 2.32127 7.04848
-3.844 0.0024199 0.0180867 0.189254 0.155902 1.94006 7.54433
-3.717 0.0023098 0.013161 0.2333434 0.191585 2.0413 6.73736
-3.590 0.0054921 0.0098642 0.300007 0.257765 3.61081 6.5444
-3.463 0.0147782 0.0102657 0.388139 0.329922 7.21168 5.87035
-3.336 0.026091 0.0103277 0.397939 0.349094 10.9531 4.5183
-3.208 0.027584 0.0094318 0.303333 0.3804468 11.6154 4.468
-3.081 0.01791 0.011801 0.1923684 0.459483 9.2268 6.8969
-2.954 0.0103543 0.0171907 0.1730796 0.470285 7.2625 9.7003
-2.827 0.0090917 0.0170483 0.2266367 0.320101 6.15821 8.6925
-2.700 0.0075611 0.0093254 0.2371643 0.1272856 4.16176 4.35224
-2.573 0.0040886 0.00285701 0.153579 0.035345 1.99828 1.28838
-2.446 0.0018259 0.0012659 0.070977 0.029637 0.96801 0.66668
-2.319 0.0018177 0.0019935 0.053484 0.051553 1.0337 1.0662
-2.192 0.002805 0.0031907 0.064629 0.071067 1.5692 1.6828
-2.065 0.0033151 0.0036496 0.073507 0.071968 2.2496 2.1566
-1.938 0.002752 0.0027524 0.070967 0.050524 2.6827 2.1494
-1.811 0.0017072 0.0013899 0.05143 0.023125 2.3801 1.7179
-1.684 0.00077575 0.00049943 0.0239964 0.0069171 1.58639 1.25189
-1.556 0.00023801 0.000132028 0.0066767 0.00161546 0.88132 0.81956
-1.429 5.0587e-05 2.5826e-05 0.00115022 0.00037472 0.362247 0.36598
-1.302 7.7873e-06 3.6974e-06 0.000138272 7.1257e-05 0.085284 0.088444
-1.175 7.6249e-07 3.44067e-07 1.15841e-05 7.8486e-06 0.0099842 0.0104559
-1.048 3.97323e-08 1.7536e-08 5.6717e-07 4.2786e-07 0.0005522 0.00058213
-0.921 9.99098e-10 4.38954e-10 1.39793e-08 1.0957e-08 1.41435e-05 1.50009e-05
-0.794 1.167589e-11 5.1417e-12 1.62358e-10 1.29305e-10 1.66192e-07 1.77364e-07
-0.667 6.24477e-14 2.76392e-14 8.6689e-13 6.9651e-13 8.9043e-10 9.5608e-10
-0.540 1.517544e-16 6.7534e-17 2.105e-15 1.70383e-15 2.16477e-12 2.33938e-12
-0.413 1.61749e-19 7.4145e-20 2.2437e-18 1.87058e-18 2.30794e-15 2.56845e-15
-0.286 0.0 0.0 0.0 0.0 0.0 0.0
-0.159 0.0 0.0 0.0 0.0 0.0 0.0
-0.032 0.0 0.0 0.0 0.0 0.0 0.0
0.095 0.0 0.0 0.0 0.0 0.0 0.0
0.223 0.0 3.85733e-18 0.0 1.2790924e-16 0.0 3.4294862e-15
0.350 0.0 3.81936e-15 0.0 1.2662175e-13 0.0 3.3941359e-12
0.477 0.0 1.71898e-12 0.0 5.698381e-11 0.0 1.5268584e-09
0.604 0.0 3.51677e-10 0.0 1.1644252e-08 0.0 3.1196342e-07
0.731 3.56465e-20 3.28961e-08 1.090247e-17 1.0873791e-06 3.116812e-16 2.9110422e-05
0.858 3.85301e-17 1.42271e-06 1.174432e-14 4.681116e-05 3.3575055e-13 0.0012502865
0.985 2.302362e-14 2.89809e-05 6.974422e-12 0.00094358 1.992337e-10 0.025077632
1.112 6.26761e-12 0.000288136 1.879602e-09 0.009164919 5.363332e-08 0.2411024
1.239 7.87004e-10 0.00148633 2.312217e-07 0.04516849 6.5856219e-06 1.1646089
1.366 4.64326e-08 0.0043188 1.310419e-05 0.1221419 0.00037161497 3.0558498
1.493 1.323273e-06 0.0074499 0.0003466121 0.1948048 0.0097528651 4.7266275
1.620 1.89581e-05 0.007464 0.004368007 0.1840131 0.12109008 4.3901301
1.747 0.000143539 0.00406003 0.02708 0.09679594 0.73130345 2.3056926
1.874 0.000622743 0.00113029 0.0868281 0.02654044 2.2535402 0.63605136
2.002 0.00187475 0.000164678 0.1604907 0.004630178 3.974791 0.11111317
2.129 0.0049612 0.000114244 0.2232618 0.01116039 5.4048862 0.2614397
2.256 0.0103042 0.000557973 0.3070094 0.05513426 7.53374 1.2885472
2.383 0.0129908 0.00176509 0.349026 0.14133218 8.616689 3.261134
2.510 0.0098175 0.0042974 0.282047 0.2248137 6.76161 4.99213
2.637 0.0066879 0.0081943 0.219164 0.2954546 4.810601 6.2766
2.764 0.0055802 0.0101791 0.18869 0.312126 3.919818 6.615451
2.891 0.0036596 0.0077476 0.118729 0.217138 2.533113 4.76403
3.018 0.0016838 0.003832 0.048242 0.0962868 1.15077 2.268186
3.145 0.00089625 0.00168781 0.0183577 0.0332494 0.541055 0.905763
3.272 0.00063109 0.0009658 0.0091085 0.0132783 0.305874 0.4188
3.399 0.00030202 0.00044418 0.0036714 0.0050342 0.127002 0.165844
3.526 8.1447e-05 0.000116746 0.00119074 0.00147808 0.0331705 0.0424426
3.653 6.7858e-05 7.2191e-05 0.0023875 0.0023004 0.030168 0.031245
3.781 0.0003488 0.00033264 0.0093705 0.0087662 0.112092 0.107161
3.908 0.00136 0.0012748 0.024055 0.0219888 0.30601 0.29168
4.035 0.0030126 0.0028057 0.037909 0.034454 0.50781 0.49984
4.162 0.0037359 0.0034336 0.044619 0.041254 0.57891 0.60528
4.289 0.003069 0.0027932 0.050676 0.048633 0.62013 0.68034
4.416 0.0027981 0.0026896 0.054454 0.054641 0.71452 0.76492
4.543 0.0043693 0.0045537 0.055989 0.056439 0.84872 0.85785
4.670 0.0079138 0.008472 0.05787 0.05702 0.98497 0.99086
4.797 0.012958 0.013423 0.051278 0.051732 0.94534 1.00427
4.924 0.018844 0.018513 0.034691 0.036635 0.68752 0.76306
5.051 0.021841 0.021065 0.020488 0.021758 0.41708 0.46024
5.178 0.018012 0.017424 0.014932 0.015628 0.25173 0.27557
5.305 0.0101085 0.0097254 0.013134 0.0137909 0.15253 0.169372
5.432 0.0041021 0.0038332 0.012752 0.0133231 0.105052 0.114536
5.560 0.0023742 0.0020411 0.0175083 0.017712 0.119823 0.125352
5.687 0.0062061 0.0056054 0.025054 0.024989 0.15834 0.16878
5.814 0.019434 0.018452 0.026092 0.026129 0.15566 0.17289
5.941 0.037837 0.036632 0.021703 0.021484 0.115923 0.130394
6.068 0.051843 0.050734 0.022209 0.022085 0.10183 0.10892
6.195 0.079042 0.076447 0.043914 0.045569 0.16167 0.16412
6.322 0.1176 0.11155 0.091639 0.097386 0.28045 0.28286
6.449 0.12974 0.12536 0.130319 0.14096 0.37487 0.37631
6.576 0.12435 0.12603 0.133476 0.144193 0.42191 0.41098
6.703 0.12532 0.12641 0.113847 0.117044 0.40064 0.372
6.830 0.124 0.12306 0.10983 0.105927 0.31539 0.29016
6.957 0.12813 0.12883 0.14974 0.14789 0.29604 0.29269
7.084 0.145 0.14423 0.17152 0.17619 0.31761 0.33176
7.211 0.18902 0.19026 0.14035 0.14688 0.29235 0.31036
7.339 0.24641 0.25201 0.12216 0.12658 0.27351 0.28436
7.466 0.23555 0.23481 0.13551 0.13881 0.26802 0.26745
7.593 0.19982 0.19114 0.16845 0.17055 0.27585 0.26642
7.720 0.22565 0.21709 0.20242 0.20209 0.30105 0.292
7.847 0.27985 0.2787 0.21724 0.21907 0.30005 0.30059
7.974 0.31276 0.31651 0.23878 0.24563 0.30775 0.31073
8.101 0.28331 0.2856 0.2619 0.26382 0.356 0.34141
8.228 0.20452 0.20814 0.26898 0.25798 0.39667 0.36861
8.355 0.15294 0.16245 0.25835 0.24621 0.39702 0.38363
8.482 0.15442 0.16271 0.22121 0.21703 0.33593 0.3408
8.609 0.19099 0.1825 0.19893 0.19218 0.25951 0.25937
8.736 0.26681 0.23267 0.25078 0.23368 0.25637 0.24136
8.863 0.32386 0.29266 0.31129 0.30302 0.29424 0.28486
8.990 0.28984 0.29536 0.30879 0.32683 0.30972 0.32829
9.118 0.24169 0.27023 0.32877 0.35346 0.3603 0.39509
9.245 0.24705 0.26594 0.37847 0.38774 0.43281 0.45305
9.372 0.2589 0.24669 0.35841 0.36771 0.42916 0.43183
9.499 0.23845 0.21224 0.28097 0.30897 0.3713 0.3777
9.626 0.19314 0.20214 0.22497 0.25356 0.3382 0.35028
9.753 0.17039 0.21747 0.2034 0.21409 0.32911 0.33897
9.880 0.192 0.23203 0.19048 0.18848 0.30717 0.30478
10.007 0.21668 0.22836 0.17198 0.16222 0.24698 0.23225
10.134 0.19086 0.19211 0.14375 0.12142 0.16802 0.15278
10.261 0.11587 0.13278 0.09838 0.072412 0.09605 0.09111
10.388 0.046187 0.079679 0.046184 0.036122 0.04056 0.050186
10.515 0.0113637 0.035247 0.012727 0.0141991 0.010594 0.021227
10.642 0.00156348 0.0087869 0.001851 0.0033899 0.0015004 0.0051995
10.769 0.000110094 0.00107933 0.00013333 0.00041112 0.00010665 0.00063501
10.897 3.75347e-06 6.23963e-05 4.585e-06 2.3684e-05 3.6438e-06 3.6647e-05
11.024 6.0115e-08 1.66905e-06 7.3687e-08 6.3285e-07 5.8341e-08 9.7982e-07
11.151 4.44815e-10 2.04792e-08 5.4568e-10 7.7631e-09 4.3131e-10 1.20215e-08
11.278 1.504181e-12 1.14574e-10 1.8461e-12 4.3434e-11 1.4577e-12 6.7254e-11
11.405 2.31349e-15 2.90938e-13 2.8406e-15 1.10295e-13 2.2418e-15 1.7079e-13
11.532 0.0 3.27581e-16 0.0 1.24177e-16 0.0 1.9228e-16
11.659 0.0 0.0 0.0 0.0 0.0 0.0
11.786 0.0 0.0 0.0 0.0 0.0 0.0
11.913 0.0 0.0 0.0 0.0 0.0 0.0
12.040 0.0 0.0 0.0 0.0 0.0 0.0
12.167 0.0 0.0 0.0 0.0 0.0 0.0
12.294 0.0 0.0 0.0 0.0 0.0 0.0
