-25.827 0.0 0.0 0.0 0.0 0.0 0.0
-25.700 0.0 0.0 0.0 0.0 0.0 0.0
-25.573 0.0 0.0 0.0 0.0 0.0 0.0
-25.446 0.0 0.0 0.0 0.0 0.0 0.0
-25.319 0.0 0.0 0.0 0.0 0.0 0.0
-25.192 0.0 0.0 0.0 0.0 0.0 0.0
-25.065 0.0 0.0 0.0 0.0 0.0 0.0
-24.938 9.45365e-15 4.80649e-15 1.274913e-15 6.44882e-16 0.0 0.0
-24.811 8.76819e-12 5.08562e-12 1.184921e-12 6.85207e-13 0.0 0.0
-24.684 3.80702e-09 2.34974e-09 5.15618e-10 3.17516e-10 0.0 0.0
-24.557 7.65801e-07 5.05356e-07 1.039956e-07 6.85327e-08 0.0 0.0
-24.429 7.2032e-05 5.1046e-05 9.81178e-06 6.95088e-06 0.0 0.0
-24.302 0.00320306 0.00244553 0.000437928 0.000334561 0.0 0.0
-24.175 0.0682184 0.0561616 0.00936656 0.0077244 0.0 0.0
-24.048 0.705908 0.62462 0.097407 0.08639 0.0 0.0
-23.921 3.6009 3.39398 0.499652 0.47213 0.0 0.0
-23.794 9.1636 9.0652 1.27944 1.26828 0.0 0.0
-23.667 11.7247 11.9347 1.64759 1.6786 0.0 0.0
-23.540 7.5534 7.7325 1.06818 1.09271 0.0 0.0
-23.413 2.43802 2.45206 0.346808 0.347929 0.0 0.0
-23.286 0.390224 0.377365 0.0558026 0.0537248 0.0 0.0
-23.159 0.0305648 0.0278931 0.00438982 0.00398185 0.0 0.0
-23.032 0.001154674 0.00097958 0.000166413 0.000140119 0.0 0.0
-22.905 2.07511e-05 1.61796e-05 2.99921e-06 2.31788e-06 0.0 0.0
-22.778 1.753368e-07 1.24544e-07 2.53987e-08 1.78601e-08 0.0 0.0
-22.650 6.89572e-10 4.43369e-10 1.000562e-10 6.36321e-11 0.0 0.0
-22.523 1.251454e-12 7.25331e-13 1.818447e-13 1.041431e-13 0.0 0.0
-22.396 6.5516991e-16 3.2946254e-16 9.567168e-17 4.71607e-17 0.0 0.0
-22.269 0.0 0.0 0.0 0.0 0.0 0.0
-22.142 0.0 0.0 0.0 0.0 0.0 0.0
-22.015 0.0 0.0 0.0 0.0 0.0 0.0
-21.888 0.0 0.0 0.0 0.0 0.0 0.0
-21.761 0.0 0.0 0.0 0.0 0.0 0.0
-21.634 0.0 0.0 0.0 0.0 0.0 0.0
-21.507 0.0 0.0 0.0 0.0 0.0 0.0
-21.380 0.0 0.0 0.0 0.0 0.0 0.0
-21.253 0.0 0.0 0.0 0.0 0.0 0.0
-21.126 1.15333e-13 5.38771e-14 3.47615e-15 1.60381e-15 0.0 0.0
-20.999 8.1566e-11 4.15807e-11 2.46122e-12 1.240235e-12 0.0 0.0
-20.871 2.63487e-08 1.46678e-08 7.96168e-10 4.38587e-10 0.0 0.0
-20.744 3.91056e-06 2.37923e-06 1.18411e-07 7.13886e-08 0.0 0.0
-20.617 0.000269677 0.000179373 8.19001e-06 5.41057e-06 0.0 0.0
-20.490 0.0087869 0.00639017 0.000268077 0.000194252 0.0 0.0
-20.363 0.138789 0.110232 0.00426374 0.00338827 0.0 0.0
-20.236 1.10431 0.95385 0.0342944 0.0297754 0.0 0.0
-20.109 4.66476 4.33882 0.147272 0.138151 0.0 0.0
-19.982 11.0748 10.8893 0.357309 0.354313 0.0 0.0
-19.855 15.2736 15.5029 0.50449 0.51422 0.0 0.0
-19.728 12.0857 12.3995 0.4095 0.41881 0.0 0.0
-19.601 5.28136 5.403 0.203511 0.205371 0.0 0.0
-19.474 1.40405 1.41897 0.164935 0.163906 0.0 0.0
-19.347 0.69462 0.69306 0.32061 0.319979 0.0 0.0
-19.219 0.73286 0.732 0.407 0.40768 0.0 0.0
-19.092 0.476 0.47507 0.26504 0.265655 0.0 0.0
-18.965 0.15665 0.155604 0.086746 0.086659 0.0 0.0
-18.838 0.025473 0.0250886 0.0140399 0.0139254 0.0 0.0
-18.711 0.00200835 0.0019544 0.001102833 0.001082164 0.0 0.0
-18.584 7.54093e-05 7.2298e-05 4.13046e-05 3.99707e-05 0.0 0.0
-18.457 1.328489e-06 1.251755e-06 7.2636e-07 6.91389e-07 0.0 0.0
-18.330 1.085248e-08 1.002887e-08 5.926402e-09 5.537144e-09 0.0 0.0
-18.203 4.075047e-11 3.688099e-11 2.223436e-11 2.035628e-11 0.0 0.0
-18.076 6.987527e-14 6.192769e-14 3.809774e-14 3.417736e-14 0.0 0.0
-17.949 2.11324618e-17 0.0 1.14826678e-17 0.0 0.0 0.0
-17.822 0.0 0.0 0.0 0.0 0.0 0.0
-17.695 0.0 0.0 0.0 0.0 0.0 0.0
-17.568 2.43821e-15 2.16799e-15 8.34641e-16 7.30041e-16 0.0 0.0
-17.440 2.21859e-12 2.01996e-12 7.68658e-13 6.91755e-13 0.0 0.0
-17.313 9.3319e-10 8.6315e-10 3.27735e-10 3.00087e-10 0.0 0.0
-17.186 1.80696e-07 1.69669e-07 6.47848e-08 6.03141e-08 0.0 0.0
-17.059 1.62054e-05 1.5438e-05 6.0078e-06 5.68143e-06 0.0 0.0
-16.932 0.00067837 0.00065493 0.000265764 0.000254954 0.0 0.0
-16.805 0.0133689 0.0130636 0.00573779 0.00557226 0.0 0.0
-16.678 0.125278 0.12369 0.0622217 0.0610012 0.0 0.0
-16.551 0.56465 0.56214 0.350586 0.346018 0.0 0.0
-16.424 1.24327 1.24512 1.07131 1.06286 0.0 0.0
-16.297 1.38184 1.3884 1.90114 1.89713 0.0 0.0
-16.170 0.85275 0.85701 2.15981 2.16911 0.0 0.0
-16.043 0.36381 0.363989 1.639 1.64937 0.0 0.0
-15.916 0.124647 0.123379 0.76022 0.760573 0.0 0.0
-15.789 0.02843431 0.0277166 0.1897825 0.1875348 0.0 0.0
-15.661 0.003457112 0.003306979 0.02352094 0.02284094 0.0 0.0
-15.534 0.0002038941 0.0001907374 0.001391505 0.001323103 0.0 0.0
-15.407 5.647955e-06 5.150402e-06 3.855375e-05 3.576353e-05 0.0 0.0
-15.280 7.246188e-08 6.424471e-08 4.945861e-07 4.462779e-07 0.0 0.0
-15.153 4.273576e-10 3.674101e-10 2.91592e-09 2.553068e-09 0.0 0.0
-15.026 1.151734e-12 9.58476e-13 7.857659e-12 6.661796e-12 0.0 0.0
-14.899 1.401998e-15 1.129869e-15 9.563545e-15 7.857736e-15 0.0 0.0
-14.772 0.0 0.0 0.0 0.0 0.0 0.0
-14.645 0.0 0.0 0.0 0.0 0.0 0.0
-14.518 2.540588826e-17 2.39283248e-17 4.57875e-16 4.24857e-16 0.0 0.0
-14.391 2.6619247e-14 2.5958372e-14 4.67193e-13 4.48597e-13 0.0 0.0
-14.264 1.2223018e-11 1.1974517e-11 2.10985e-10 2.03589e-10 0.0 0.0
-14.137 2.621882e-09 2.578512e-09 4.40991e-08 4.27508e-08 0.0 0.0
-14.010 2.674302e-07 2.637023e-07 4.33077e-06 4.21524e-06 0.0 0.0
-13.882 1.324511e-05 1.307831e-05 0.000203735 0.000198986 0.0 0.0
-13.755 0.000325119 0.000321248 0.00469833 0.00460109 0.0 0.0
-13.628 0.00403203 0.00398644 0.0544602 0.0534827 0.0 0.0
-13.501 0.0257708 0.0255239 0.326518 0.321834 0.0 0.0
-13.374 0.087643 0.087149 1.05412 1.04478 0.0 0.0
-13.247 0.166843 0.166811 1.93978 1.93634 0.0 0.0
-13.120 0.186233 0.18695 2.13548 2.14386 0.0 0.0
-12.993 0.12146 0.121873 1.39197 1.39921 0.0 0.0
-12.866 0.0465868 0.0463974 0.523655 0.523541 0.0 0.0
-12.739 0.040393 0.039506 0.326615 0.320039 0.0 0.0
-12.612 0.170189 0.167312 1.19992 1.18163 0.0 0.0
-12.485 0.47356 0.4656 3.11688 3.0963 0.0 0.0
-12.358 0.85266 0.82437 4.3943 4.3763 0.0 0.0
-12.231 1.46448 1.4086 3.928 3.8833 0.0 0.0
-12.103 2.43618 2.42446 3.275 3.2576 0.0 0.0
-11.976 2.6651 2.7268 2.7214 2.7743 0.0 0.0
-11.849 1.5903 1.62774 1.5159 1.55175 0.0 0.0
-11.722 0.492898 0.48895 0.459566 0.45745 0.0 0.0
-11.595 0.0778578 0.072536 0.0716793 0.067195 0.0 0.0
-11.468 0.00616982 0.00524383 0.00562344 0.00482023 0.0 0.0
-11.341 0.0002411656 0.000182352 0.000217893 0.000166444 0.0 0.0
-11.214 4.56834e-06 3.01186e-06 4.09684e-06 2.73169e-06 0.0 0.0
-11.087 4.2169e-08 2.38879e-08 4.36995e-08 2.50881e-08 0.0 0.0
-10.960 1.21609e-07 7.62266e-08 9.18174e-07 5.75458e-07 0.0 0.0
-10.833 7.44842e-06 5.02464e-06 5.61083e-05 3.78733e-05 0.0 0.0
-10.706 0.000215622 0.000155949 0.00161183 0.00116818 0.0 0.0
-10.579 0.00306678 0.0023683 0.0225413 0.0174804 0.0 0.0
-10.452 0.0230422 0.0189486 0.163745 0.135504 0.0 0.0
-10.324 0.1014747 0.0888448 0.681848 0.601623 0.0 0.0
-10.197 0.287176 0.26703 1.7905 1.67909 0.0 0.0
-10.070 0.546452 0.534514 3.11557 3.07091 0.0 0.0
-9.943 0.72038 0.73364 3.77673 3.8527 0.0 0.0
-9.816 0.66617 0.69708 3.739 3.8547 0.0 0.0
-9.689 0.422749 0.440375 4.3211 4.3558 0.0 0.0
-9.562 0.204515 0.203583 6.2066 6.1941 0.0 0.0
-9.435 0.129757 0.126026 7.0239 7.052 0.0 0.0
-9.308 0.165686 0.163889 4.7993 4.8204 0.0 0.0
-9.181 0.296977 0.296705 1.93935 1.92288 0.0 0.0
-9.054 0.48515 0.48798 0.71733 0.69743 0.0 0.0
-8.927 0.61859 0.62637 0.53608 0.52605 0.0 0.0
-8.800 0.564513 0.57466 0.449728 0.44905 0.0 0.0
-8.673 0.313885 0.319363 0.261705 0.259992 0.0 0.0
-8.545 0.0936072 0.0943765 0.306383 0.276778 0.0 0.0
-8.418 0.0175994 0.0171601 1.24813 1.15095 0.0 0.0
-8.291 0.0124403 0.0118247 3.45977 3.32152 0.0 0.0
-8.164 0.0209334 0.0203323 5.524 5.466 0.0 0.0
-8.037 0.030549 0.0300034 5.3958 5.4794 0.0 0.0
-7.910 0.0428415 0.0422415 3.7805 3.895 0.0 0.0
-7.783 0.0473886 0.0462095 2.54038 2.55922 0.0 0.0
-7.656 0.0408186 0.0365677 1.91411 1.72292 0.0 0.0
-7.529 0.04842 0.0385196 2.14937 1.5922 0.0 0.0
-7.402 0.0722287 0.0624785 3.0363 2.31013 0.0 0.0
-7.275 0.086713 0.088795 3.53802 3.19608 0.0 0.0
-7.148 0.093577 0.106858 3.75923 3.98122 0.0 0.0
-7.021 0.119673 0.136424 4.34093 4.9234 0.0 0.0
-6.894 0.179459 0.199596 5.3013 5.92265 0.0 0.0
-6.766 0.243849 0.273982 5.95265 6.3111 0.0 0.0
-6.639 0.276589 0.325589 5.37564 5.7175 0.0 0.0
-6.512 0.301738 0.337983 4.08055 4.45252 0.0 0.0
-6.385 0.317235 0.3016744 3.18619 3.32251 0.0 0.0
-6.258 0.2854904 0.2408842 2.73054 2.71834 0.0 0.0
-6.131 0.235009 0.2017805 2.48823 2.52232 0.0 0.0
-6.004 0.205064 0.206028 2.57776 2.77897 0.0 0.0
-5.877 0.203325 0.225972 3.06707 3.3847 0.0 0.0
-5.750 0.20118 0.210867 3.52237 3.79562 0.0 0.0
-5.623 0.175714 0.160151 3.7151 3.87992 0.0 0.0
-5.496 0.1378754 0.110372 3.9052 3.91495 0.0 0.0
-5.369 0.106663 0.085618 4.2363 4.1016 0.0 0.0
-5.242 0.094772 0.086678 4.53115 4.2996 0.0 0.0
-5.115 0.109936 0.108427 4.83326 4.57855 0.0 0.0
-4.987 0.1407237 0.1332785 5.1749 5.0028 0.0 0.0
-4.860 0.146685 0.1248007 5.2335 5.15469 0.0 0.0
-4.733 0.111515 0.085501 5.0817 4.98697 0.0 0.0
-4.606 0.070685 0.0538479 4.9233 4.6889 0.0 0.0
-4.479 0.0483484 0.0370543 4.4635 4.03987 0.0 0.0
-4.352 0.0346759 0.0244062 3.39842 2.93403 0.0 0.0
-4.225 0.02660377 0.0165282 2.16031 1.74252 0.0 0.0
-4.098 0.03896552 0.02411863 1.557006 1.15465 0.0 0.0
-3.971 0.07345523 0.05297771 1.377512 1.15454 0.0 0.0
-3.844 0.10798168 0.08662195 1.246269 1.235345 0.0 0.0
-3.717 0.13532612 0.11634504 1.229079 1.272553 0.0 0.0
-3.590 0.18678436 0.17082607 1.429645 1.435308 0.0 0.0
-3.463 0.25095413 0.2278165 1.806254 1.566724 0.0 0.0
-3.336 0.25203543 0.23018337 1.914819 1.511389 0.0 0.0
-3.208 0.18357992 0.21304609 1.510317 1.565204 0.0 0.0
-3.081 0.11010863 0.2299324 0.8964 1.841257 0.0 0.0
-2.954 0.08967464 0.23136339 0.624657 1.870403 0.0 0.0
-2.827 0.10423655 0.15733031 0.734768 1.283789 0.0 0.0
-2.700 0.09971466 0.062447084 0.812139 0.561008 0.0 0.0
-2.573 0.0624384 0.01740721 0.774053 0.401813 0.0 0.0
-2.446 0.03181162 0.01566893 1.17468 1.00945 0.0 0.0
-2.319 0.03222158 0.03185804 2.24752 2.29701 0.0 0.0
-2.192 0.05078845 0.05329985 3.51847 3.8477 0.0 0.0
-2.065 0.06933005 0.06431285 4.35425 4.7159 0.0 0.0
-1.938 0.07198746 0.05220432 4.213 4.12486 0.0 0.0
-1.811 0.05345871 0.02727927 3.07497 2.6066 0.0 0.0
-1.684 0.02595286 0.00955555 1.74973 1.4216 0.0 0.0
-1.556 0.007947665 0.00280236 0.883126 0.79483 0.0 0.0
-1.429 0.00167222 0.000799754 0.352323 0.343406 0.0 0.0
-1.302 0.0002583852 0.0001663537 0.0825604 0.0827719 0.0 0.0
-1.175 2.549032e-05 1.8834134e-05 0.00966337 0.00979253 0.0 0.0
-1.048 1.332922e-06 1.035042e-06 0.000534441 0.000545338 0.0 0.0
-0.921 3.357193e-08 2.6573812e-08 1.36911e-05 1.40569e-05 0.0 0.0
-0.794 3.925074e-10 3.1381009e-10 1.60905e-07 1.66208e-07 0.0 0.0
-0.667 2.099717e-12 1.6909946e-12 8.61976e-10 8.9599e-10 0.0 0.0
-0.540 5.10279e-15 4.137206e-15 2.09607e-12 2.19229e-12 0.0 0.0
-0.413 5.439017e-18 4.541722e-18 2.23443e-15 2.40684e-15 0.0 0.0
-0.286 0.0 0.0 0.0 0.0 0.0 0.0
-0.159 0.0 0.0 0.0 0.0 0.0 0.0
-0.032 0.0 0.0 0.0 0.0 0.0 0.0
0.095 0.0 0.0 0.0 0.0 0.0 0.0
0.223 0.0 5.56565204859e-17 0.0 1.9861569e-16 0.0 0.0
0.350 0.0 5.508995518e-14 0.0 1.9661757e-13 0.0 0.0
0.477 0.0 2.478065333e-11 0.0 8.8474218e-11 0.0 0.0
0.604 0.0 5.061910642e-09 0.0 1.8088901e-08 0.0 0.0
0.731 3.03722692e-18 4.71958503e-07 9.848864e-18 1.6899122e-06 0.0 0.0
0.858 3.26996776e-15 2.024956049e-05 1.0612114e-14 7.2851766e-05 0.0 0.0
0.985 1.93967838e-12 0.000405146244 6.3071588e-12 0.00147336862 0.0 0.0
1.112 5.2168401e-10 0.00387292934 1.7013868e-09 0.0144216954 0.0 0.0
1.239 6.3933705e-08 0.0184981751 2.0979285e-07 0.07224739 0.0 0.0
1.366 3.59377191e-06 0.047643733 1.1943e-05 0.20088421 0.0 0.0
1.493 9.3534813e-05 0.072186624 0.0003186499 0.331666 0.0 0.0
1.620 0.00114329344 0.066154443 0.0040813726 0.32286791 0.0 0.0
1.747 0.0067144759 0.0346102045 0.026002768 0.173378361 0.0 0.0
1.874 0.01983388 0.0095543134 0.08698839 0.048130571 0.0 0.0
2.002 0.033794651 0.0014659415 0.17090023 0.00797499 0.0 0.0
2.129 0.04847739 0.0017100607 0.25926188 0.01511284 0.0 0.0
2.256 0.07469341 0.00821076 0.3887545 0.07434501 0.0 0.0
2.383 0.08686496 0.021036582 0.4745846 0.19524 0.0 0.0
2.510 0.0634616 0.03353748 0.451858 0.353473 0.0 0.0
2.637 0.0396936 0.04568534 0.57813 0.64674 0.0 0.0
2.764 0.031484 0.05262303 0.92997 1.05279 0.0 0.0
2.891 0.022344 0.041584 1.12604 1.21499 0.0 0.0
3.018 0.0124903 0.0224596 1.0541 1.07998 0.0 0.0
3.145 0.0079886 0.0113263 0.88002 0.86781 0.0 0.0
3.272 0.00551081 0.00662752 0.56551 0.55803 0.0 0.0
3.399 0.00334454 0.00371563 0.223455 0.226125 0.0 0.0
3.526 0.00705893 0.00694158 0.061382 0.062901 0.0 0.0
3.653 0.0222314 0.0218324 0.092865 0.091096 0.0 0.0
3.781 0.0418254 0.0412963 0.375683 0.368155 0.0 0.0
3.908 0.05723 0.055901 1.01825 0.99474 0.0 0.0
4.035 0.072003 0.069672 1.64575 1.60372 0.0 0.0
4.162 0.08157 0.079447 1.85267 1.80243 0.0 0.0
4.289 0.085901 0.085522 2.06637 2.03185 0.0 0.0
4.416 0.089727 0.091332 2.53193 2.5304 0.0 0.0
4.543 0.096154 0.099212 3.11448 3.10802 0.0 0.0
4.670 0.111831 0.116303 3.6253 3.6005 0.0 0.0
4.797 0.133239 0.136598 3.35672 3.41432 0.0 0.0
4.924 0.149263 0.148866 2.28385 2.3974 0.0 0.0
5.051 0.153791 0.152941 1.23975 1.29175 0.0 0.0
5.178 0.128224 0.129317 0.602648 0.611556 0.0 0.0
5.305 0.0835464 0.0842745 0.285043 0.28723 0.0 0.0
5.432 0.074159 0.074207 0.174507 0.17604 0.0 0.0
5.560 0.095623 0.095077 0.182335 0.184382 0.0 0.0
5.687 0.125555 0.124333 0.198493 0.200912 0.0 0.0
5.814 0.199817 0.198507 0.192324 0.195617 0.0 0.0
5.941 0.304547 0.302931 0.194154 0.197175 0.0 0.0
6.068 0.336837 0.336492 0.222482 0.223127 0.0 0.0
6.195 0.363522 0.36531 0.357542 0.354207 0.0 0.0
6.322 0.45146 0.45635 0.58178 0.57973 0.0 0.0
6.449 0.50429 0.51772 0.67119 0.68055 0.0 0.0
6.576 0.52857 0.54043 0.60374 0.61544 0.0 0.0
6.703 0.50123 0.48859 0.51046 0.50346 0.0 0.0
6.830 0.40431 0.38369 0.404857 0.388469 0.0 0.0
6.957 0.37171 0.36926 0.344235 0.339238 0.0 0.0
7.084 0.40862 0.41273 0.349875 0.35548 0.0 0.0
7.211 0.465461 0.470799 0.39673 0.40644 0.0 0.0
7.339 0.534515 0.54333 0.46166 0.47175 0.0 0.0
7.466 0.50836 0.50609 0.44179 0.44448 0.0 0.0
7.593 0.44657 0.43168 0.40353 0.39642 0.0 0.0
7.720 0.44981 0.438 0.48111 0.46778 0.0 0.0
7.847 0.44183 0.4468 0.61806 0.6119 0.0 0.0
7.974 0.44143 0.45546 0.73923 0.74978 0.0 0.0
8.101 0.48027 0.49027 0.80373 0.8139 0.0 0.0
8.228 0.5046 0.51093 0.80549 0.79702 0.0 0.0
8.355 0.52226 0.53031 0.81586 0.80759 0.0 0.0
8.482 0.52499 0.52529 0.79802 0.80775 0.0 0.0
8.609 0.51131 0.48945 0.75446 0.75471 0.0 0.0
8.736 0.56316 0.52472 0.84388 0.80979 0.0 0.0
8.863 0.61679 0.59764 0.95788 0.93325 0.0 0.0
8.990 0.56997 0.59228 0.94157 0.97195 0.0 0.0
9.118 0.55209 0.5896 1.00748 1.06173 0.0 0.0
9.245 0.58018 0.59145 1.1616 1.18881 0.0 0.0
9.372 0.51629 0.49729 1.1574 1.13081 0.0 0.0
9.499 0.40265 0.382095 1.05542 0.99108 0.0 0.0
9.626 0.340777 0.331297 1.05962 1.01366 0.0 0.0
9.753 0.315872 0.324076 1.18188 1.17558 0.0 0.0
9.880 0.289178 0.307696 1.24968 1.24051 0.0 0.0
10.007 0.238699 0.25207 1.10712 1.09507 0.0 0.0
10.134 0.162847 0.170261 0.83673 0.82058 0.0 0.0
10.261 0.086728 0.093142 0.52669 0.512753 0.0 0.0
10.388 0.0338586 0.0442106 0.236244 0.273268 0.0 0.0
10.515 0.00853156 0.0171018 0.0637179 0.111534 0.0 0.0
10.642 0.001200984 0.00407311 0.00918089 0.0269321 0.0 0.0
10.769 8.56852e-05 0.00049399 0.000658717 0.00327537 0.0 0.0
10.897 2.940351e-06 2.846367e-05 2.26192e-05 0.0001888336 0.0 0.0
11.024 4.72364e-08 7.6075e-07 3.63179e-07 5.04718e-06 0.0 0.0
11.151 3.499231e-10 9.33228e-09 2.68896e-09 6.19152e-08 0.0 0.0
11.278 1.18425e-12 5.220827e-11 9.09737e-12 3.46373e-10 0.0 0.0
11.405 1.822358e-15 1.325887e-13 1.39967e-14 8.7964e-13 0.0 0.0
11.532 0.0 1.492735e-16 0.0 9.90322e-16 0.0 0.0
11.659 0.0 0.0 0.0 0.0 0.0 0.0
11.786 0.0 0.0 0.0 0.0 0.0 0.0
11.913 0.0 0.0 0.0 0.0 0.0 0.0
12.040 0.0 0.0 0.0 0.0 0.0 0.0
12.167 0.0 0.0 0.0 0.0 0.0 0.0
12.294 0.0 0.0 0.0 0.0 0.0 0.0
