-26.700 0.0 0.0 0.0 0.0 0.0 0.0
-26.568 0.0 0.0 0.0 0.0 0.0 0.0
-26.435 0.0 0.0 0.0 0.0 0.0 0.0
-26.303 0.0 0.0 0.0 0.0 0.0 0.0
-26.170 0.0 0.0 0.0 0.0 0.0 0.0
-26.038 0.0 0.0 0.0 0.0 0.0 0.0
-25.906 0.0 0.0 0.0 0.0 0.0 0.0
-25.773 4.608848e-14 1.0980801e-15 1.0155307e-14 2.400175e-16 0.0 0.0
-25.641 4.60665e-11 1.647101e-12 1.0165205e-11 3.605438e-13 0.0 0.0
-25.508 1.99705e-08 1.0814593e-09 4.412914e-09 2.370605e-10 0.0 0.0
-25.376 3.799989e-06 3.103595e-07 8.411578e-07 6.81372e-08 0.0 0.0
-25.243 0.0003200585 3.924281e-05 7.096854e-05 8.630939e-06 0.0 0.0
-25.111 0.01202392 0.00220398 0.002671042 0.0004856135 0.0 0.0
-24.979 0.2029001 0.05537765 0.04514964 0.01222335 0.0 0.0
-24.846 1.546808 0.6265269 0.3447652 0.1385171 0.0 0.0
-24.714 5.350093 3.208254 1.19416 0.710379 0.0 0.0
-24.581 8.41179 7.46036 1.87988 1.65407 0.0 0.0
-24.449 6.003284 7.88061 1.343055 1.749239 0.0 0.0
-24.317 1.934879 3.769822 0.4332628 0.837561 0.0 0.0
-24.184 0.2793302 0.811115 0.0625937 0.1803587 0.0 0.0
-24.052 0.01788154 0.07777498 0.004009264 0.01730608 0.0 0.0
-23.919 0.0005023591 0.003289709 0.0001126958 0.000732378 0.0 0.0
-23.787 6.135118e-06 6.076114e-05 1.376927e-06 1.353321e-05 0.0 0.0
-23.654 3.231439e-08 4.858334e-07 7.254623e-09 1.082548e-07 0.0 0.0
-23.522 7.292027e-11 1.669746e-09 1.637473e-11 3.721382e-10 0.0 0.0
-23.390 6.963099e-14 2.452382e-12 1.564066e-14 5.46781e-13 0.0 0.0
-23.257 0.0 1.1083917e-15 0.0 2.4740067e-16 0.0 0.0
-23.125 0.0 0.0 0.0 0.0 0.0 0.0
-22.992 0.0 0.0 0.0 0.0 0.0 0.0
-22.860 0.0 0.0 0.0 0.0 0.0 0.0
-22.728 0.0 0.0 0.0 0.0 0.0 0.0
-22.595 0.0 0.0 0.0 0.0 0.0 0.0
-22.463 0.0 0.0 0.0 0.0 0.0 0.0
-22.330 0.0 0.0 0.0 0.0 0.0 0.0
-22.198 0.0 0.0 0.0 0.0 0.0 0.0
-22.065 0.0 0.0 0.0 0.0 0.0 0.0
-21.933 0.0 0.0 0.0 0.0 0.0 0.0
-21.801 5.0688915e-14 2.5650395e-16 7.558209e-14 3.803876e-16 0.0 0.0
-21.668 4.1831183e-11 3.9856913e-13 6.235395e-11 5.902589e-13 0.0 0.0
-21.536 1.48048062e-08 2.5717452e-10 2.2054249e-08 3.806815e-10 0.0 0.0
-21.403 2.26379966e-06 7.1265506e-08 3.370219e-06 1.0542718e-07 0.0 0.0
-21.271 0.000151268092 8.5567437e-06 0.00022503563 1.2649553e-05 0.0 0.0
-21.139 0.0044919369 0.00045087154 0.006675406 0.000665928 0.0 0.0
-21.006 0.060860271 0.0106244924 0.09032977 0.015674849 0.0 0.0
-20.874 0.39219475 0.115414739 0.5812833 0.1700503 0.0 0.0
-20.741 1.27142728 0.60521649 1.8815831 0.8903293 0.0 0.0
-20.609 2.1766534 1.62049823 3.217573 2.3803325 0.0 0.0
-20.476 1.97796668 2.3015957 2.922554 3.377645 0.0 0.0
-20.344 0.9139112 1.71535513 1.3505054 2.5165761 0.0 0.0
-20.212 0.2028033 0.63822813 0.2997914 0.936569 0.0 0.0
-20.079 0.020657253 0.112312011 0.03055449 0.16489217 0.0 0.0
-19.947 0.00093754938 0.0089821744 0.00138747 0.013194961 0.0 0.0
-19.814 1.86059473e-05 0.00031811171 2.7550685e-05 0.0004676008 0.0 0.0
-19.682 1.59501196e-07 4.9079464e-06 2.3630987e-07 7.218459e-06 0.0 0.0
-19.550 5.8587768e-10 3.2624949e-08 8.684639e-10 4.801612e-08 0.0 0.0
-19.417 1.096713e-10 1.410887e-10 9.96526e-12 1.4046503e-10 0.0 0.0
-19.285 4.61536e-08 2.27407e-08 3.64776e-09 1.80324e-09 0.0 0.0
-19.152 8.49112e-06 4.63537e-06 6.70441e-07 3.67144e-07 0.0 0.0
-19.020 0.000684843 0.000413659 5.40309e-05 3.27367e-05 0.0 0.0
-18.887 0.024542 0.0163779 0.00193523 0.001295298 0.0 0.0
-18.755 0.396554 0.291939 0.0312738 0.0230893 0.0 0.0
-18.623 2.93044 2.37712 0.231325 0.188141 0.0 0.0
-18.490 10.0158 8.9462 0.791857 0.709051 0.0 0.0
-18.358 15.924 15.6641 1.26176 1.24404 0.0 0.0
-18.225 11.7687 12.7602 0.934959 1.015851 0.0 0.0
-18.093 4.01499 4.80461 0.319835 0.383523 0.0 0.0
-17.961 0.624802 0.826755 0.0499076 0.0661693 0.0 0.0
-17.828 0.04373 0.0641072 0.00350166 0.00514283 0.0 0.0
-17.696 0.001356884 0.0022075 0.00010889 0.0001774719 0.0 0.0
-17.563 1.842628e-05 3.33177e-05 1.481528e-06 2.68374e-06 0.0 0.0
-17.431 1.08356e-07 2.180356e-07 8.72564e-09 1.758879e-08 0.0 0.0
-17.299 2.736091e-10 6.13235e-10 2.206454e-11 4.95361e-11 0.0 0.0
-17.166 2.946565e-13 7.37596e-13 2.385939e-14 5.96714e-14 0.0 0.0
-17.034 1.475782e-12 4.742527e-13 3.191296e-13 1.027849e-13 0.0 0.0
-16.901 1.085768e-09 3.963031e-10 2.34723e-10 8.585485e-11 0.0 0.0
-16.769 3.45634e-07 1.435098e-07 7.469341e-08 3.108171e-08 0.0 0.0
-16.636 4.784549e-05 2.262417e-05 1.0338653e-05 4.899064e-06 0.0 0.0
-16.504 0.002898237 0.001561933 0.0006261355 0.0003381764 0.0 0.0
-16.372 0.0773324 0.04753414 0.0167082 0.010291624 0.0 0.0
-16.239 0.915702 0.642235 0.1978653 0.1390587 0.0 0.0
-16.107 4.84618 3.879084 1.0474765 0.8401411 0.0 0.0
-15.974 11.53304 10.53953 2.493654 2.283274 0.0 0.0
-15.842 12.3814 12.92475 2.678169 2.801247 0.0 0.0
-15.710 5.99246 7.15337 1.296788 1.550969 0.0 0.0
-15.577 1.301615 1.779361 0.2817938 0.385966 0.0 0.0
-15.445 0.1259125 0.1974711 0.02727189 0.04285666 0.0 0.0
-15.312 0.00537586 0.00969044 0.001165065 0.002104041 0.0 0.0
-15.180 0.0001003738 0.0002083023 2.176462e-05 4.525442e-05 0.0 0.0
-15.047 8.12823e-07 1.94485e-06 1.76327e-07 4.22707e-07 0.0 0.0
-14.915 2.834472e-09 7.82907e-09 6.151351e-10 1.702402e-09 0.0 0.0
-14.783 4.231691e-12 1.350459e-11 9.187158e-13 2.937487e-12 0.0 0.0
-14.650 2.412091e-15 9.30316e-15 5.245821e-16 2.025973e-15 0.0 0.0
-14.518 7.68067975e-17 0.0 7.32476e-17 0.0 0.0 0.0
-14.385 1.36935873e-13 1.34401444e-14 1.307044e-13 1.29411e-14 0.0 0.0
-14.253 1.0381493e-10 1.32547489e-11 9.912e-11 1.276768e-11 0.0 0.0
-14.121 3.3986978e-08 5.6418823e-09 3.247e-08 5.43839e-09 0.0 0.0
-13.988 4.8723915e-06 1.04602466e-06 4.65714e-06 1.009202e-06 0.0 0.0
-13.856 0.00031120161 8.5870276e-05 0.0002976281 8.29437e-05 0.0 0.0
-13.723 0.009073178 0.0031927432 0.00868344 0.00308797 0.0 0.0
-13.591 0.12487255 0.055486997 0.1195426 0.0537317 0.0 0.0
-13.458 0.84570206 0.46980807 0.809225 0.455305 0.0 0.0
-13.326 2.9306034 2.0265828 2.80094 1.964417 0.0 0.0
-13.194 5.2833688 4.583618 5.04043 4.44081 0.0 0.0
-13.061 4.8753929 5.400828 4.64396 5.22808 0.0 0.0
-12.929 2.2446419 3.2009175 2.154495 3.0978 0.0 0.0
-12.796 0.6335137 0.93826 0.712779 0.92527 0.0 0.0
-12.664 0.538907 0.2673141 0.867124 0.363382 0.0 0.0
-12.532 1.244848 0.487305 2.090918 0.819605 0.0 0.0
-12.399 2.51087 1.246847 4.224257 2.12256 0.0 0.0
-12.267 3.32925 2.6402 5.597016 4.5031 0.0 0.0
-12.134 2.55876 3.648 4.301368 6.22078 0.0 0.0
-12.002 1.029008 2.8336 1.730861 4.831784 0.0 0.0
-11.869 0.199242 1.124683 0.3353469 1.9182733 0.0 0.0
-11.737 0.01808334 0.2127227 0.03180932 0.3631556 0.0 0.0
-11.605 0.0089619 0.01991524 0.0423497 0.03965039 0.0 0.0
-11.472 0.0748371 0.01920772 0.407307 0.1027734 0.0 0.0
-11.340 0.35176 0.106374 2.13737 0.648369 0.0 0.0
-11.207 0.882956 0.341691 5.97093 2.4857 0.0 0.0
-11.075 1.170482 0.671754 8.6262 5.99972 0.0 0.0
-10.943 0.793056 0.805232 6.21791 8.54364 0.0 0.0
-10.810 0.265081 0.54958 2.16768 6.56857 0.0 0.0
-10.678 0.0423211 0.1983658 0.355789 2.55357 0.0 0.0
-10.545 0.00313594 0.03560791 0.0268333 0.478974 0.0 0.0
-10.413 0.0001052395 0.003029787 0.000916963 0.0418454 0.0 0.0
-10.281 6.18505e-06 0.0001184963 0.000463704 0.00171749 0.0 0.0
-10.148 0.0001364232 2.55795e-05 0.01285291 0.00260854 0.0 0.0
-10.016 0.00185955 0.000438357 0.1640786 0.048271 0.0 0.0
-9.883 0.01231974 0.00379777 0.972113 0.408896 0.0 0.0
-9.751 0.0421557 0.016797 2.85101 1.67045 0.0 0.0
-9.618 0.0790047 0.0432017 4.58954 3.70928 0.0 0.0
-9.486 0.0873677 0.0693728 4.65442 5.12248 0.0 0.0
-9.354 0.0872715 0.0758535 3.85208 4.7481 0.0 0.0
-9.221 0.2046127 0.1214742 4.64756 4.26198 0.0 0.0
-9.089 0.5032591 0.3190224 7.0975 6.19396 0.0 0.0
-8.956 0.7122321 0.5780739 7.9854 8.2855 0.0 0.0
-8.824 0.5885075 0.6382116 6.02312 7.7147 0.0 0.0
-8.692 0.3066334 0.43701635 3.10919 4.95766 0.0 0.0
-8.559 0.10374369 0.17493253 1.211 1.97632 0.0 0.0
-8.427 0.0570453 0.03763324 1.25954 0.460415 0.0 0.0
-8.294 0.131668 0.01150452 3.23108 0.542316 0.0 0.0
-8.162 0.3006025 0.0507986 7.7415 3.17515 0.0 0.0
-8.029 0.492914 0.166325 14.9974 10.2463 0.0 0.0
-7.897 0.562193 0.283297 20.853 17.9228 0.0 0.0
-7.765 0.479129 0.270256 20.5306 18.5597 0.0 0.0
-7.632 0.380442 0.198669 15.9759 13.6443 0.0 0.0
-7.500 0.3169878 0.2209762 12.8789 11.3235 0.0 0.0
-7.367 0.2201567 0.2892177 12.1963 12.30463 0.0 0.0
-7.235 0.1138241 0.2723899 9.66381 10.67243 0.0 0.0
-7.103 0.0405957 0.1759708 4.46288 5.93032 0.0 0.0
-6.970 0.00832641 0.1549878 1.027936 2.881539 0.0 0.0
-6.838 0.000871101 0.3441295 0.112422 3.905361 0.0 0.0
-6.705 0.000375266 0.557257 0.0170289 5.85111 0.0 0.0
-6.573 0.00349836 0.5183924 0.0953953 4.96867 0.0 0.0
-6.440 0.01739922 0.3756425 0.384019 2.876782 0.0 0.0
-6.308 0.0423817 0.3541398 0.801964 1.953154 0.0 0.0
-6.176 0.0542057 0.3698943 0.973736 1.751957 0.0 0.0
-6.043 0.0402793 0.23329496 0.799525 1.077506 0.0 0.0
-5.911 0.020211 0.07043602 0.579633 0.325876 0.0 0.0
-5.778 0.0118306 0.009677738 0.480585 0.0479946 0.0 0.0
-5.646 0.0243082 0.000849619 0.398481 0.0401757 0.0 0.0
-5.514 0.0755093 0.001691626 0.554164 0.2197429 0.0 0.0
-5.381 0.1328477 0.00647548 0.957628 0.698791 0.0 0.0
-5.249 0.1408127 0.01498639 1.227856 1.297922 0.0 0.0
-5.116 0.1656881 0.01841299 1.4311 1.374681 0.0 0.0
-4.984 0.2677006 0.01122672 1.88707 0.872744 0.0 0.0
-4.851 0.295149 0.00446339 1.98844 0.661365 0.0 0.0
-4.719 0.1624063 0.00260155 1.173847 0.6908037 0.0 0.0
-4.587 0.0451516 0.001424396 0.3973 0.4158696 0.0 0.0
-4.454 0.02436858 0.000484302 0.314933 0.11911949 0.0 0.0
-4.322 0.06585086 0.00097644 0.852098 0.0650409 0.0 0.0
-4.189 0.1390248 0.00423436 1.6336 0.2200392 0.0 0.0
-4.057 0.1977583 0.01024026 2.017361 0.4858103 0.0 0.0
-3.925 0.183836 0.01522098 1.617053 0.6763411 0.0 0.0
-3.792 0.10944794 0.0192538 0.862059 0.961591 0.0 0.0
-3.660 0.04356914 0.022813 0.3401905 1.50177 0.0 0.0
-3.527 0.021433587 0.0189602 0.2447997 1.577782 0.0 0.0
-3.395 0.017116918 0.01343551 0.7969568 1.306936 0.0 0.0
-3.262 0.01017336 0.01246539 3.755596 2.442688 0.0 0.0
-3.130 0.0075988 0.01122847 10.01925 6.30943 0.0 0.0
-2.998 0.00744514 0.00976388 12.83184 10.48352 0.0 0.0
-2.865 0.00425289 0.00725308 7.77046 9.5866 0.0 0.0
-2.733 0.00116361 0.00318188 2.208663 4.516087 0.0 0.0
-2.600 0.000148482 0.000697334 0.2910639 1.039607 0.0 0.0
-2.468 8.7017e-06 7.24108e-05 0.01749496 0.1125463 0.0 0.0
-2.336 2.30303e-07 3.471526e-06 0.0004714346 0.00557711 0.0 0.0
-2.203 2.70787e-09 7.53864e-08 5.60515e-06 0.0001240316 0.0 0.0
-2.071 1.39392e-11 7.29333e-10 2.901587e-08 1.219068e-06 0.0 0.0
-1.938 3.10591e-14 3.099418e-12 6.47364e-11 5.23048e-09 0.0 0.0
-1.806 2.93455e-17 5.717716e-15 6.12407e-14 9.6991e-12 0.0 0.0
-1.674 0.0 4.586081e-18 0.0 7.9113e-15 0.0 0.0
-1.541 0.0 0.0 0.0 0.0 0.0 0.0
-1.409 0.0 0.0 0.0 0.0 0.0 0.0
-1.276 0.0 0.0 0.0 0.0 0.0 0.0
-1.144 0.0 0.0 0.0 0.0 0.0 0.0
-1.011 0.0 0.0 0.0 0.0 0.0 0.0
-0.879 0.0 0.0 0.0 0.0 0.0 0.0
-0.747 0.0 0.0 0.0 0.0 0.0 0.0
-0.614 0.0 0.0 0.0 0.0 0.0 0.0
-0.482 0.0 0.0 0.0 0.0 0.0 0.0
-0.349 0.0 0.0 0.0 0.0 0.0 0.0
-0.217 0.0 0.0 0.0 0.0 0.0 0.0
-0.085 0.0 0.0 0.0 0.0 0.0 0.0
0.048 0.0 0.0 0.0 0.0 0.0 0.0
0.180 0.0 3.51383e-17 0.0 3.419427e-16 0.0 0.0
0.313 0.0 5.70876e-14 0.0 5.405358e-13 0.0 0.0
0.445 0.0 3.55757e-11 0.0 3.336342e-10 0.0 0.0
0.578 0.0 9.52036e-09 0.0 8.8179e-08 0.0 0.0
0.710 0.0 1.102499e-06 0.0 1.006017e-05 0.0 0.0
0.842 0.0 5.57718e-05 0.0 0.0005006249 0.0 0.0
0.975 0.0 0.001245197 0.0 0.01102245 0.0 0.0
1.107 2.164986e-15 0.0124076 2.51107e-15 0.1096604 0.0 0.0
1.240 2.0614886e-12 0.0558541 2.391e-12 0.510248 0.0 0.0
1.372 8.2896957e-10 0.116266 9.61528e-10 1.179093 0.0 0.0
1.504 1.41620198e-07 0.125834 1.64264e-07 1.504589 0.0 0.0
1.637 1.03348191e-05 0.119672 1.198698e-05 1.298111 0.0 0.0
1.769 0.00032428798 0.151017 0.000376114 1.035229 0.0 0.0
1.902 0.0044096776 0.152194 0.00511491 0.829803 0.0 0.0
2.034 0.026203604 0.117407 0.0303959 0.576221 0.0 0.0
2.167 0.068589442 0.1032144 0.079821 0.375441 0.0 0.0
2.299 0.08088581 0.08888452 0.1010948 0.291106 0.0 0.0
2.431 0.0597932 0.05389662 0.159579 0.204994 0.0 0.0
2.564 0.1138828 0.0813494 0.655936 0.189285 0.0 0.0
2.696 0.269291 0.23358 1.767947 0.415151 0.0 0.0
2.829 0.33358 0.373306 2.445245 0.650741 0.0 0.0
2.961 0.250093 0.330156 2.316533 0.585957 0.0 0.0
3.093 0.296306 0.2610043 2.917597 0.566454 0.0 0.0
3.226 0.500765 0.3302525 4.39674 1.181932 0.0 0.0
3.358 0.5625863 0.450219 5.57661 2.80015 0.0 0.0
3.491 0.553872 0.601413 6.00825 5.37513 0.0 0.0
3.623 0.601438 0.676039 6.08062 7.56797 0.0 0.0
3.756 0.492546 0.553137 5.70387 8.02894 0.0 0.0
3.888 0.288755 0.347363 5.03357 6.78784 0.0 0.0
4.020 0.233923 0.21824 4.052322 5.05669 0.0 0.0
4.153 0.320012 0.2446338 2.544876 3.21509 0.0 0.0
4.285 0.3368913 0.3154984 1.435417 1.734476 0.0 0.0
4.418 0.2684688 0.2824824 1.16124 1.17275 0.0 0.0
4.550 0.2136964 0.2260828 1.1846 1.22983 0.0 0.0
4.682 0.1902848 0.2168505 1.19114 1.36465 0.0 0.0
4.815 0.241929 0.249299 1.46454 1.52838 0.0 0.0
4.947 0.294852 0.272503 1.64782 1.63197 0.0 0.0
5.080 0.356825 0.292701 1.77085 1.68773 0.0 0.0
5.212 0.480876 0.357239 1.91668 1.83176 0.0 0.0
5.344 0.674114 0.449924 1.85719 1.70107 0.0 0.0
5.477 0.818076 0.610944 1.79158 1.64935 0.0 0.0
5.609 0.642063 0.661539 1.69017 1.7012 0.0 0.0
5.742 0.355508 0.535898 1.4062 1.51884 0.0 0.0
5.874 0.297215 0.358121 1.1595 1.14914 0.0 0.0
6.007 0.441947 0.228385 1.24021 1.01072 0.0 0.0
6.139 0.498373 0.232119 1.3399 1.1838 0.0 0.0
6.271 0.423379 0.347323 1.34585 1.42781 0.0 0.0
6.404 0.325752 0.436742 1.174612 1.62957 0.0 0.0
6.536 0.291022 0.383756 1.06161 1.40801 0.0 0.0
6.669 0.501301 0.421914 1.5211 1.24944 0.0 0.0
6.801 0.8084 0.71643 2.16892 1.97639 0.0 0.0
6.933 0.80838 0.85945 2.24107 2.64922 0.0 0.0
7.066 0.530336 0.646408 1.67052 2.22097 0.0 0.0
7.198 0.343542 0.379509 1.33504 1.41887 0.0 0.0
7.331 0.418379 0.325264 1.8864 1.38934 0.0 0.0
7.463 0.602569 0.444597 2.6596 1.94672 0.0 0.0
7.596 0.717229 0.548545 2.89628 2.16489 0.0 0.0
7.728 0.764626 0.62523 2.55371 2.21416 0.0 0.0
7.860 0.91664 0.6855 2.25141 2.3331 0.0 0.0
7.993 0.98794 0.7002 2.26785 2.23006 0.0 0.0
8.125 0.739589 0.79842 2.1489 2.2321 0.0 0.0
8.258 0.459862 0.990065 1.95773 2.54821 0.0 0.0
8.390 0.432984 0.923457 1.86552 2.5662 0.0 0.0
8.522 0.594719 0.754753 1.86942 2.36077 0.0 0.0
8.655 0.76326 0.76162 2.0256 2.17956 0.0 0.0
8.787 0.8715 0.81433 2.16547 2.03658 0.0 0.0
8.920 0.78673 0.83388 2.03865 2.00824 0.0 0.0
9.052 0.622207 0.69547 1.88099 1.85159 0.0 0.0
9.185 0.759129 0.569303 2.21097 1.73248 0.0 0.0
9.317 1.09293 0.790779 2.87866 2.2298 0.0 0.0
9.449 1.23116 1.15645 3.44769 3.19022 0.0 0.0
9.582 1.09267 1.22315 3.5946 3.79263 0.0 0.0
9.714 0.88081 0.99437 3.18975 3.56581 0.0 0.0
9.847 0.78953 0.762645 2.5611 2.80408 0.0 0.0
9.979 0.822583 0.689134 2.21994 2.19098 0.0 0.0
10.111 0.846111 0.738687 2.13459 1.97801 0.0 0.0
10.244 0.819388 0.82775 2.03485 1.9482 0.0 0.0
10.376 0.788037 0.859398 1.83536 1.85715 0.0 0.0
10.509 0.66753 0.729783 1.4207 1.5425 0.0 0.0
10.641 0.456016 0.522331 0.943808 1.14655 0.0 0.0
10.774 0.280765 0.399735 0.653486 0.91909 0.0 0.0
10.906 0.1887366 0.312857 0.503264 0.762586 0.0 0.0
11.038 0.12668406 0.1966555 0.3334075 0.518508 0.0 0.0
11.171 0.0572889 0.0900274 0.1397643 0.249111 0.0 0.0
11.303 0.013634237 0.02626822 0.03125857 0.0734409 0.0 0.0
11.436 0.0015421901 0.004100031 0.003408248 0.01143037 0.0 0.0
11.568 7.8925635e-05 0.00030416031 0.0001711503 0.000844941 0.0 0.0
11.700 1.77653062e-06 1.01103545e-05 3.817838e-06 2.803015e-05 0.0 0.0
11.833 1.72888886e-08 1.46414347e-07 3.700327e-08 4.055557e-07 0.0 0.0
11.965 7.19712289e-11 9.1051608e-10 1.537637e-10 2.520982e-09 0.0 0.0
12.098 1.273207211e-13 2.41111247e-12 2.71782e-13 6.674218e-12 0.0 0.0
12.230 8.51842445e-17 2.6968285343e-15 1.817246e-16 7.46483e-15 0.0 0.0
12.363 0.0 0.0 0.0 0.0 0.0 0.0
12.495 0.0 0.0 0.0 0.0 0.0 0.0
12.627 0.0 0.0 0.0 0.0 0.0 0.0
12.760 0.0 0.0 0.0 0.0 0.0 0.0
12.892 0.0 0.0 0.0 0.0 0.0 0.0
13.025 0.0 0.0 0.0 0.0 0.0 0.0
