-26.700 0.0 0.0 0.0 0.0 0.0 0.0
-26.568 0.0 0.0 0.0 0.0 0.0 0.0
-26.435 0.0 0.0 0.0 0.0 0.0 0.0
-26.303 0.0 0.0 0.0 0.0 0.0 0.0
-26.170 0.0 0.0 0.0 0.0 0.0 0.0
-26.038 0.0 0.0 0.0 0.0 0.0 0.0
-25.906 0.0 0.0 0.0 0.0 0.0 0.0
-25.773 8.151e-16 1.9033e-17 7.6583e-17 1.4532e-18 6.251e-17 1.0496e-18
-25.641 7.6251e-13 2.6429e-14 9.781e-14 3.0425e-15 7.986e-14 2.2217e-15
-25.508 3.054e-10 1.6162e-11 5.2589e-11 2.4889e-12 4.2954e-11 1.8177e-12
-25.376 5.2728e-08 4.246e-09 1.2194e-08 8.759e-10 9.962e-09 6.399e-10
-25.243 3.9544e-06 4.8254e-07 1.2247e-06 1.332e-07 1.0009e-06 9.734e-08
-25.111 0.00012988 2.391e-05 5.3597e-05 8.797e-06 4.3813e-05 6.4306e-06
-24.979 0.0018851 0.00052106 0.0010287 0.00025388 0.000841 0.00018564
-24.846 0.0122 0.0050403 0.008723 0.003225 0.007133 0.0023585
-24.714 0.03548 0.021824 0.032901 0.018159 0.026907 0.013282
-24.581 0.046587 0.042565 0.055466 0.045603 0.045358 0.033351
-24.449 0.027643 0.037513 0.041865 0.051249 0.034234 0.037478
-24.317 0.007388 0.014918 0.014113 0.025767 0.011539 0.018839
-24.184 0.0008834 0.0026638 0.0021123 0.0057702 0.0017265 0.004218
-24.052 4.6858e-05 0.00021191 0.00013918 0.00057142 0.00011374 0.00041756
-23.919 1.0931e-06 7.445e-06 4.0018e-06 2.4799e-05 3.2692e-06 1.8116e-05
-23.787 1.1129e-08 1.1456e-07 4.9785e-08 4.6764e-07 4.0664e-08 3.4153e-07
-23.654 4.9129e-11 7.6682e-10 2.6616e-10 3.8019e-09 2.1732e-10 2.7757e-09
-23.522 9.361e-14 2.2209e-12 6.0778e-13 1.3242e-11 4.961e-13 9.664e-12
-23.390 7.2377e-17 2.7718e-15 5.874e-16 1.9654e-14 4.7936e-16 1.434e-14
-23.257 0.0 3.0031e-19 0.0 9.2959e-18 0.0 6.7625e-18
-23.125 0.0 0.0 0.0 0.0 0.0 0.0
-22.992 0.0 0.0 0.0 0.0 0.0 0.0
-22.860 0.0 0.0 0.0 0.0 0.0 0.0
-22.728 0.0 0.0 0.0 0.0 0.0 0.0
-22.595 0.0 0.0 0.0 0.0 0.0 0.0
-22.463 0.0 0.0 0.0 0.0 0.0 0.0
-22.330 0.0 0.0 0.0 0.0 0.0 0.0
-22.198 0.0 0.0 0.0 0.0 0.0 0.0
-22.065 0.0 0.0 0.0 0.0 0.0 0.0
-21.933 0.0 0.0 0.0 0.0 0.0 0.0
-21.801 1.0343e-14 4.9976e-17 1.386e-15 5.9735e-18 1.5144e-15 5.6004e-18
-21.668 8.441e-12 7.4858e-14 1.1841e-12 1.0485e-14 1.2781e-12 9.375e-15
-21.536 2.9428e-09 4.7709e-11 4.3756e-10 7.019e-12 4.6539e-10 6.1923e-12
-21.403 4.409e-07 1.3003e-08 7.066e-08 2.0374e-09 7.387e-08 1.7695e-09
-21.271 2.8619e-05 1.5264e-06 5.0658e-06 2.5942e-07 5.195e-06 2.2122e-07
-21.139 0.0008123 7.78e-05 0.00016543 1.4759e-05 0.00016619 1.2333e-05
-21.006 0.010188 0.0017389 0.002562 0.00038633 0.0025219 0.00031589
-20.874 0.057026 0.017216 0.019813 0.0048631 0.019195 0.0038965
-20.741 0.14379 0.07626 0.07971 0.030976 0.07663 0.024451
-20.609 0.16418 0.15238 0.16697 0.1029 0.16051 0.0807
-20.476 0.08501 0.13792 0.17529 0.17597 0.16924 0.13814
-20.344 0.019917 0.056554 0.08799 0.14847 0.08542 0.1171
-20.212 0.002101 0.010473 0.020335 0.059125 0.019855 0.04689
-20.079 9.958e-05 0.0008724 0.0021091 0.01075 0.0020699 0.00857
-19.947 2.1337e-06 3.2681e-05 9.642e-05 0.0008719 9.509e-05 0.0006988
-19.814 2.1147e-08 5.5681e-07 1.9175e-06 3.1037e-05 1.9e-06 2.5009e-05
-19.682 1.01269e-10 4.4473e-09 1.6435e-08 4.7942e-07 1.6361e-08 3.8822e-07
-19.550 2.4516e-13 1.7461e-11 6.0281e-11 3.1853e-09 6.0292e-11 2.5921e-09
-19.417 1.8207e-14 4.1981e-14 2.0573e-13 9.091e-12 2.1855e-13 7.439e-12
-19.285 7.4327e-12 3.2475e-12 4.6347e-11 2.0917e-11 5.2901e-11 2.0944e-11
-19.152 1.3524e-09 6.5263e-10 8.2761e-09 4.1401e-09 9.799e-09 4.2453e-09
-19.020 1.1001e-07 5.8452e-08 6.4052e-07 3.549e-07 7.9604e-07 3.7624e-07
-18.887 4.0908e-06 2.3858e-06 2.1697e-05 1.3299e-05 2.874e-05 1.4761e-05
-18.755 7.0899e-05 4.5282e-05 0.00032553 0.00022036 0.00046787 0.00026025
-18.623 0.00057872 0.00040463 0.0021916 0.0016361 0.0034821 0.0020929
-18.490 0.0022244 0.0017043 0.006706 0.0055118 0.011974 0.007775
-18.358 0.0039917 0.0033591 0.009423 0.008522 0.019136 0.01345
-18.225 0.0033046 0.0030613 0.006122 0.0060901 0.014198 0.010844
-18.093 0.0012448 0.0012724 0.0018412 0.0020152 0.004857 0.0040518
-17.961 0.00021039 0.00023778 0.00025508 0.00030766 0.0007573 0.0006937
-17.828 1.5741e-05 1.9709e-05 1.6132e-05 2.1479e-05 5.3071e-05 5.3632e-05
-17.696 5.1499e-07 7.1545e-07 4.6008e-07 6.7763e-07 1.6485e-06 1.8454e-06
-17.563 7.2903e-09 1.1255e-08 5.8384e-09 9.533e-09 2.2406e-08 2.7869e-08
-17.431 4.4289e-11 7.6078e-11 3.2546e-11 5.9008e-11 1.3185e-10 1.8263e-10
-17.299 1.1477e-13 2.1942e-13 7.883e-14 1.5898e-13 3.3318e-13 5.1465e-13
-17.166 1.2872e-16 2.6995e-16 8.157e-17 1.8507e-16 3.5858e-16 6.2032e-16
-17.034 4.8096e-15 1.4484e-15 1.2501e-15 3.3975e-16 2.9086e-15 4.9771e-16
-16.901 3.2592e-12 1.1156e-12 1.0429e-12 3.2687e-13 2.4071e-12 4.731e-13
-16.769 9.474e-10 3.6857e-10 3.716e-10 1.3449e-10 8.519e-10 1.9267e-10
-16.636 1.189e-07 5.2537e-08 5.6847e-08 2.3741e-08 1.2948e-07 3.3716e-08
-16.504 6.4925e-06 3.2563e-06 3.7568e-06 1.8084e-06 8.509e-06 2.5494e-06
-16.372 0.00015555 8.851e-05 0.00010804 5.9876e-05 0.00024345 8.387e-05
-16.239 0.0016507 0.0010654 0.0013637 0.0008689 0.0030576 0.0012102
-16.107 0.00783 0.0057295 0.007618 0.0055732 0.017003 0.007723
-15.974 0.016724 0.013879 0.018976 0.015921 0.042171 0.021964
-15.842 0.016151 0.01521 0.02117 0.02036 0.046858 0.027975
-15.710 0.007054 0.00755 0.010584 0.011671 0.023341 0.015976
-15.577 0.001387 0.0016905 0.0023629 0.0029901 0.0051932 0.0040797
-15.445 0.00012198 0.00016966 0.00023395 0.00034018 0.0005126 0.00046276
-15.312 4.7562e-06 7.5669e-06 1.0188e-05 1.7045e-05 2.2259e-05 2.3125e-05
-15.180 8.1531e-08 1.4864e-07 1.9342e-07 3.7296e-07 4.2157e-07 5.0479e-07
-15.047 6.0938e-10 1.2757e-09 1.5886e-09 3.5344e-09 3.455e-09 4.774e-09
-14.915 1.9732e-12 4.7487e-12 5.6065e-12 1.4408e-11 1.2171e-11 1.9426e-11
-14.783 2.7505e-15 7.6212e-15 8.456e-15 2.5119e-14 1.8329e-14 3.3817e-14
-14.650 1.223e-18 4.3749e-18 4.9721e-18 1.7702e-17 1.0699e-17 2.3762e-17
-14.518 1.648546e-21 0.0 1.7632e-18 0.0 3.0101e-18 0.0
-14.385 3.12215e-18 2.69419e-19 3.0997e-15 2.8341e-16 5.3477e-15 3.7671e-16
-14.253 4.8363e-15 4.5363e-16 2.3324e-12 2.7828e-13 4.0468e-12 3.6858e-13
-14.121 2.8997e-12 3.2659e-13 7.557e-10 1.1759e-10 1.3218e-09 1.5484e-10
-13.988 8.906e-10 1.2349e-10 1.0661e-07 2.1555e-08 1.8885e-07 2.8167e-08
-13.856 1.3038e-07 2.2919e-08 6.6401e-06 1.7371e-06 1.2003e-05 2.2517e-06
-13.723 8.682e-06 1.9686e-06 0.00018568 6.2573e-05 0.00034737 8.068e-05
-13.591 0.00025806 7.608e-05 0.0023817 0.0010293 0.0047242 0.0013333
-13.458 0.003413 0.0013141 0.014389 0.007931 0.031395 0.010553
-13.326 0.020162 0.010167 0.042263 0.029556 0.10586 0.041881
-13.194 0.053531 0.035419 0.0623 0.055193 0.18451 0.08658
-13.061 0.06539 0.055835 0.04699 0.053071 0.16432 0.09403
-12.929 0.051224 0.040799 0.01812 0.026352 0.07317 0.052254
-12.796 0.09282 0.02478 0.0050206 0.006632 0.023175 0.014713
-12.664 0.21228 0.06601 0.015985 0.0018997 0.055868 0.0055194
-12.532 0.32898 0.16867 0.07668 0.011552 0.24474 0.020056
-12.399 0.37528 0.26657 0.20448 0.059724 0.6327 0.08374
-12.267 0.267 0.30736 0.31451 0.16735 0.9191 0.22084
-12.134 0.09657 0.2288 0.26694 0.26301 0.7268 0.32664
-12.002 0.01636 0.08922 0.11396 0.22169 0.29248 0.25652
-11.869 0.0012748 0.01665 0.02282 0.09261 0.056082 0.10093
-11.737 0.00021928 0.0014795 0.0020695 0.018039 0.0049412 0.018846
-11.605 0.0030716 0.0008165 0.00042964 0.0015952 0.0015596 0.0016221
-11.472 0.025673 0.008684 0.0058197 0.00053459 0.022694 0.00059067
-11.340 0.10649 0.048689 0.04479 0.0068858 0.17326 0.007542
-11.207 0.22729 0.14583 0.16054 0.048966 0.61754 0.052725
-11.075 0.25306 0.24921 0.27009 0.17266 1.0357 0.18406
-10.943 0.1456 0.24476 0.21346 0.3019 0.8178 0.32107
-10.810 0.042315 0.13383 0.07873 0.25871 0.30196 0.27598
-10.678 0.0060358 0.039063 0.013389 0.10661 0.051431 0.11437
-10.545 0.00040944 0.0057873 0.0010325 0.020661 0.0039751 0.022297
-10.413 1.2854e-05 0.00041251 3.556e-05 0.0018419 0.00013764 0.0019974
-10.281 3.1588e-06 1.4032e-05 2.1072e-06 7.4093e-05 4.0442e-05 8.211e-05
-10.148 8.148e-05 2.0947e-05 4.5542e-05 7.267e-06 0.0011331 6.8822e-05
-10.016 0.0009685 0.00037134 0.00058963 0.00011828 0.015345 0.0012282
-9.883 0.0050607 0.0029143 0.0035135 0.0010799 0.09967 0.010089
-9.751 0.011803 0.010166 0.010072 0.0048516 0.32698 0.03969
-9.618 0.012761 0.016202 0.014766 0.011759 0.56783 0.08458
-9.486 0.0071947 0.012748 0.012239 0.016369 0.55345 0.1134
-9.354 0.002913 0.006036 0.00834 0.0135 0.40135 0.10147
-9.221 0.0021154 0.002518 0.010583 0.010045 0.5014 0.07757
-9.089 0.0036615 0.0023596 0.01709 0.014625 0.8955 0.0976
-8.956 0.0040937 0.003798 0.022698 0.022242 1.1398 0.12865
-8.824 0.0021226 0.0038656 0.024728 0.02561 0.8652 0.11908
-8.692 0.00065212 0.0020529 0.01958 0.020703 0.47949 0.07934
-8.559 0.0035164 0.00053687 0.023778 0.009713 1.0151 0.034172
-8.427 0.036768 9.169e-05 0.08353 0.0023468 4.2119 0.008159
-8.294 0.18544 0.00049442 0.2157 0.0010789 10.444 0.0052338
-8.162 0.4542 0.0045493 0.33191 0.0050223 15.497 0.029626
-8.029 0.59183 0.022014 0.34301 0.015258 15.135 0.09927
-7.897 0.53731 0.066058 0.2972 0.02574 11.145 0.17875
-7.765 0.57324 0.16233 0.24278 0.027537 7.003 0.20041
-7.632 0.8704 0.39947 0.17071 0.023748 3.6897 0.18297
-7.500 1.1157 0.8756 0.09857 0.02835 1.7668 0.1795
-7.367 0.9132 1.3776 0.048598 0.042917 1.1135 0.16645
-7.235 0.50008 1.4239 0.02296 0.045979 0.817 0.12034
-7.103 0.18386 0.9063 0.008801 0.047114 0.38348 0.10023
-6.970 0.039094 0.32944 0.0019369 0.16035 0.08965 0.31271
-6.838 0.0042059 0.09238 0.00023429 0.52877 0.018993 1.033
-6.705 0.00025171 0.07938 0.0006206 0.9248 0.1668 1.8153
-6.573 0.00033911 0.09069 0.006334 0.9721 1.3879 1.8839
-6.440 0.0013947 0.06961 0.031994 0.8941 5.5604 1.7357
-6.308 0.0027744 0.032311 0.08307 1.089 11.275 2.2031
-6.176 0.0028594 0.008232 0.12055 1.2579 12.786 2.5483
-6.043 0.0035095 0.0014016 0.10191 0.8134 9.889 1.6092
-5.911 0.009023 0.00024385 0.047604 0.24787 7.963 0.47761
-5.778 0.014539 3.6947e-05 0.017702 0.03431 7.631 0.07658
-5.646 0.010765 5.6337e-05 0.057851 0.0035594 5.3774 0.14945
-5.514 0.0036138 0.00026343 0.21995 0.008228 3.6391 0.8082
-5.381 0.0009273 0.00056629 0.43965 0.025155 3.8674 2.354
-5.249 0.0029365 0.0005511 0.57061 0.047669 3.4469 3.9943
-5.116 0.01415 0.00033783 0.7028 0.053654 3.8797 3.9517
-4.984 0.035686 0.0007491 1.0076 0.036435 7.056 2.0839
-4.851 0.04282 0.0022086 1.1009 0.028715 8.526 0.60039
-4.719 0.024031 0.0030762 0.652 0.030036 5.2551 0.17925
-4.587 0.006297 0.0019034 0.21175 0.018054 1.7986 0.08006
-4.454 0.0013464 0.0005323 0.13781 0.004924 1.2662 0.06816
-4.322 0.0043521 0.00024174 0.33414 0.0005926 3.2904 0.44351
-4.189 0.01374 0.0013164 0.60103 5.8961e-05 6.308 2.0131
-4.057 0.019585 0.0045317 0.7694 0.0004164 7.893 4.8686
-3.925 0.01288 0.007211 0.7066 0.0033571 6.475 7.083
-3.792 0.0042736 0.0055703 0.43168 0.013183 3.5355 8.651
-3.660 0.000857 0.0030284 0.18481 0.026182 1.4432 10.708
-3.527 0.00011609 0.0020013 0.11394 0.03071 0.9136 10.108
-3.395 1.7836e-05 0.0010993 0.09861 0.026678 0.8195 7.491
-3.262 6.641e-05 0.00047155 0.049064 0.019691 0.50471 5.4913
-3.130 0.00024299 0.00026331 0.015614 0.015784 0.40714 3.8316
-2.998 0.00040918 0.00026781 0.008196 0.015595 0.42189 3.4474
-2.865 0.00031057 0.000297 0.004504 0.011668 0.25177 3.215
-2.733 0.00010528 0.00017879 0.0012752 0.0048029 0.07193 1.6803
-2.600 1.5792e-05 4.9614e-05 0.00016698 0.000989 0.009547 0.41309
-2.468 1.0382e-06 6.1743e-06 9.93e-06 9.808e-05 0.00057723 0.046273
-2.336 2.9644e-08 3.4024e-07 2.6436e-07 4.5678e-06 1.5616e-05 0.00233
-2.203 3.6457e-10 8.213e-09 3.1089e-09 9.772e-08 1.8606e-07 5.2118e-05
-2.071 1.9179e-12 8.6009e-11 1.5956e-11 9.414e-10 9.639e-10 5.1219e-07
-1.938 4.2936e-15 3.8762e-13 3.539e-14 4.0107e-12 2.1496e-12 2.1907e-09
-1.806 4.0715e-18 7.4657e-16 3.335e-17 7.4456e-15 2.0344e-15 4.0434e-12
-1.674 0.0 6.3445e-19 0.0 5.8342e-18 0.0 3.3226e-15
-1.541 0.0 0.0 0.0 0.0 0.0 0.0
-1.409 0.0 0.0 0.0 0.0 0.0 0.0
-1.276 0.0 0.0 0.0 0.0 0.0 0.0
-1.144 0.0 0.0 0.0 0.0 0.0 0.0
-1.011 0.0 0.0 0.0 0.0 0.0 0.0
-0.879 0.0 0.0 0.0 0.0 0.0 0.0
-0.747 0.0 0.0 0.0 0.0 0.0 0.0
-0.614 0.0 0.0 0.0 0.0 0.0 0.0
-0.482 0.0 0.0 0.0 0.0 0.0 0.0
-0.349 0.0 0.0 0.0 0.0 0.0 0.0
-0.217 0.0 0.0 0.0 0.0 0.0 0.0
-0.085 0.0 0.0 0.0 0.0 0.0 0.0
0.048 0.0 0.0 0.0 0.0 0.0 0.0
0.180 0.0 3.6467e-18 0.0 1.2507e-16 0.0 2.2771e-15
0.313 0.0 5.3637e-15 0.0 2.0339e-13 0.0 3.7007e-12
0.445 0.0 3.2202e-12 0.0 1.2681e-10 0.0 2.307e-09
0.578 0.0 8.197e-10 0.0 3.3959e-08 0.0 6.176e-07
0.710 0.0 8.89e-08 0.0 3.9388e-06 0.0 7.161e-05
0.842 0.0 4.1313e-06 0.0 0.00019996 0.0 0.003633
0.975 0.0 8.29e-05 0.0 0.0045044 0.0 0.08179
1.107 1.021e-16 0.0007243 7.15877e-20 0.045906 4.1512e-18 0.8322
1.240 9.722e-14 0.0027813 6.81657e-17 0.21827 3.9525e-15 3.9478
1.372 3.9093e-11 0.0047982 2.7411e-14 0.51151 1.5894e-12 9.24
1.504 6.68e-09 0.0043165 4.68255e-12 0.6623 2.7155e-10 12.182
1.637 4.8737e-07 0.0039427 3.41724e-10 0.6165 1.9816e-08 12.569
1.769 1.5294e-05 0.0045609 1.072766e-08 0.58336 6.219e-07 14.134
1.902 0.00020795 0.0035346 1.47089e-07 0.53964 8.458e-06 14.319
2.034 0.0012355 0.0023922 1.04154e-06 0.39467 5.0629e-05 10.464
2.167 0.0032315 0.0026859 1.287e-05 0.218 0.00015545 5.4601
2.299 0.0037393 0.0026585 0.00029028 0.12865 0.000823 2.9009
2.431 0.0019392 0.0013574 0.0035756 0.0841 0.00872 1.7895
2.564 0.00063224 0.00031635 0.020779 0.034911 0.0524 0.7127
2.696 0.00074688 3.5057e-05 0.057627 0.013972 0.15141 0.24421
2.829 0.0012766 3.2036e-05 0.07963 0.012955 0.21644 0.26822
2.961 0.0025541 0.00038468 0.06883 0.009621 0.19247 0.28962
3.093 0.00755 0.0025155 0.06695 0.0042087 0.20986 0.25735
3.226 0.013483 0.007894 0.0785 0.0023343 0.2953 0.55678
3.358 0.013199 0.012711 0.07748 0.0044769 0.31436 1.5897
3.491 0.013737 0.013543 0.058981 0.00903 0.22286 2.9257
3.623 0.021732 0.015166 0.04163 0.012437 0.1444 3.4811
3.756 0.028147 0.018759 0.03129 0.012742 0.11636 3.1152
3.888 0.021949 0.016804 0.022392 0.009868 0.09747 1.9799
4.020 0.009341 0.008528 0.016728 0.0064316 0.07895 0.8309
4.153 0.0024461 0.0025384 0.014084 0.0042165 0.057871 0.37618
4.285 0.001527 0.0009025 0.016142 0.0028647 0.042494 0.32382
4.418 0.0063227 0.0025037 0.025635 0.0039155 0.039304 0.30241
4.550 0.016576 0.006978 0.032354 0.00797 0.037189 0.28321
4.682 0.022976 0.009355 0.038309 0.016717 0.029026 0.23894
4.815 0.03763 0.009969 0.055267 0.032174 0.030289 0.18538
4.947 0.09217 0.026684 0.056828 0.037643 0.035604 0.16779
5.080 0.14243 0.06835 0.046357 0.024763 0.043937 0.14168
5.212 0.12116 0.09431 0.06618 0.015508 0.0739 0.13544
5.344 0.08973 0.06575 0.12565 0.019445 0.14012 0.18613
5.477 0.15286 0.030061 0.18254 0.031053 0.18955 0.29614
5.609 0.30552 0.051488 0.19528 0.051979 0.15149 0.4331
5.742 0.39979 0.15064 0.18768 0.08017 0.09671 0.50469
5.874 0.39365 0.26076 0.237 0.09298 0.12726 0.3856
6.007 0.33958 0.31797 0.34352 0.10091 0.22732 0.21899
6.139 0.2109 0.29814 0.34655 0.12281 0.26494 0.24776
6.271 0.077913 0.17184 0.24964 0.16233 0.2297 0.51829
6.404 0.021732 0.053208 0.16838 0.17647 0.18559 0.7433
6.536 0.032676 0.012425 0.13197 0.11961 0.16539 0.61309
6.669 0.09667 0.015504 0.15496 0.07212 0.19929 0.4215
6.801 0.17125 0.042847 0.17513 0.09799 0.21527 0.50485
6.933 0.16666 0.07217 0.14152 0.13024 0.17151 0.59055
7.066 0.096591 0.069255 0.08609 0.10131 0.10655 0.43863
7.198 0.067313 0.039354 0.0807 0.057297 0.08929 0.23295
7.331 0.14916 0.028335 0.17154 0.054135 0.1636 0.17464
7.463 0.31383 0.08809 0.37495 0.06918 0.29482 0.22603
7.596 0.44373 0.2216 0.62529 0.09249 0.41004 0.27507
7.728 0.55776 0.28415 0.6823 0.19642 0.42258 0.36649
7.860 0.7081 0.21202 0.61142 0.34114 0.40095 0.48727
7.993 0.61613 0.22449 0.56508 0.38631 0.40523 0.5685
8.125 0.28389 0.41726 0.46625 0.43095 0.35949 0.778
8.258 0.07923 0.53265 0.38564 0.51244 0.28419 1.0191
8.390 0.032256 0.37583 0.32397 0.4536 0.23389 0.9091
8.522 0.031941 0.15736 0.20849 0.30449 0.20192 0.63086
8.655 0.071543 0.071644 0.12532 0.19619 0.17706 0.46962
8.787 0.16892 0.089061 0.11659 0.14154 0.15549 0.37738
8.920 0.245 0.1507 0.10668 0.12433 0.12396 0.30386
9.052 0.24257 0.1638 0.08566 0.10089 0.11856 0.22917
9.185 0.28232 0.13237 0.11344 0.09267 0.18669 0.20635
9.317 0.3372 0.19425 0.17854 0.14501 0.28243 0.29924
9.449 0.29716 0.31683 0.24122 0.22793 0.32462 0.434
9.582 0.25067 0.3397 0.28624 0.29082 0.29793 0.48525
9.714 0.28542 0.27461 0.29359 0.3003 0.24888 0.42719
9.847 0.35653 0.22284 0.24549 0.24593 0.19943 0.3164
9.979 0.39463 0.20963 0.18157 0.17562 0.15719 0.22618
10.111 0.39384 0.23808 0.15115 0.13455 0.13675 0.17748
10.244 0.36229 0.31243 0.15281 0.12614 0.1427 0.15956
10.376 0.29588 0.40732 0.16064 0.13514 0.15141 0.15923
10.509 0.2028 0.43624 0.14265 0.13758 0.12503 0.14852
10.641 0.12701 0.36579 0.1081 0.11362 0.08558 0.11638
10.774 0.083819 0.27045 0.0789 0.08218 0.063247 0.08866
10.906 0.053938 0.16436 0.056513 0.063171 0.050125 0.07164
11.038 0.0337248 0.074293 0.036495 0.045451 0.033844 0.050073
11.171 0.0156267 0.02818 0.015969 0.023771 0.014657 0.025234
11.303 0.003878506 0.0081062 0.0037441 0.0074117 0.0033744 0.0077432
11.436 0.0004507556 0.001300084 0.00042072 0.00118483 0.00037474 0.0012325
11.568 2.3398839e-05 9.82278e-05 2.1464e-05 8.8565e-05 1.9003e-05 9.20863e-05
11.700 5.300391e-07 3.293656e-06 4.8243e-07 2.95112e-06 4.2586e-07 3.0683e-06
11.833 5.173698e-09 4.786999e-08 4.693e-09 4.276e-08 4.1358e-09 4.44828e-08
11.965 2.1568432e-11 2.980912e-10 1.9531e-11 2.66059e-10 1.72049e-11 2.76678e-10
12.098 3.8180496e-14 7.899502e-13 3.4544e-14 7.0457e-13 3.0422e-14 7.32833e-13
12.230 2.555359e-17 8.839131e-16 2.3111e-17 7.8818e-16 2.0348e-17 8.1959e-16
12.363 0.0 0.0 0.0 0.0 0.0 0.0
12.495 0.0 0.0 0.0 0.0 0.0 0.0
12.627 0.0 0.0 0.0 0.0 0.0 0.0
12.760 0.0 0.0 0.0 0.0 0.0 0.0
12.892 0.0 0.0 0.0 0.0 0.0 0.0
13.025 0.0 0.0 0.0 0.0 0.0 0.0
