-26.700 0.0 0.0 0.0 0.0 0.0 0.0
-26.568 0.0 0.0 0.0 0.0 0.0 0.0
-26.435 0.0 0.0 0.0 0.0 0.0 0.0
-26.303 0.0 0.0 0.0 0.0 0.0 0.0
-26.170 0.0 0.0 0.0 0.0 0.0 0.0
-26.038 0.0 0.0 0.0 0.0 0.0 0.0
-25.906 0.0 0.0 0.0 0.0 0.0 0.0
-25.773 6.7967e-14 1.60292e-15 8.852e-15 2.11336e-16 0.0 0.0
-25.641 6.7889e-11 2.40216e-12 8.8758e-12 3.18169e-13 0.0 0.0
-25.508 2.94074e-08 1.57598e-09 3.86043e-09 2.09554e-10 0.0 0.0
-25.376 5.5904e-06 4.5189e-07 7.3746e-07 6.0347e-08 0.0 0.0
-25.243 0.00047043 5.7089e-05 6.2366e-05 7.6609e-06 0.0 0.0
-25.111 0.0176549 0.00320334 0.00235282 0.000432 0.0 0.0
-24.979 0.297606 0.080408 0.039865 0.0108982 0.0 0.0
-24.846 2.26677 0.90893 0.305045 0.123769 0.0 0.0
-24.714 7.8343 4.6505 1.05856 0.63599 0.0 0.0
-24.581 12.309 10.8056 1.66914 1.48332 0.0 0.0
-24.449 8.7793 11.4071 1.19414 1.57092 0.0 0.0
-24.317 2.8282 5.4538 0.38565 0.75307 0.0 0.0
-24.184 0.40812 1.17291 0.05577 0.162334 0.0 0.0
-24.052 0.0261168 0.112427 0.0035752 0.0155893 0.0 0.0
-23.919 0.00073349 0.0047535 0.000100552 0.00066018 0.0 0.0
-23.787 8.9562e-06 8.7779e-05 1.2292e-06 1.22063e-05 0.0 0.0
-23.654 4.7162e-08 7.0179e-07 6.4789e-09 9.768e-08 0.0 0.0
-23.522 1.06415e-10 2.41149e-09 1.46295e-11 3.35887e-10 0.0 0.0
-23.390 1.01603e-13 3.54128e-12 1.39775e-14 4.9364e-13 0.0 0.0
-23.257 0.0 1.599839e-15 0.0 2.236039e-16 0.0 0.0
-23.125 0.0 0.0 0.0 0.0 0.0 0.0
-22.992 0.0 0.0 0.0 0.0 0.0 0.0
-22.860 0.0 0.0 0.0 0.0 0.0 0.0
-22.728 0.0 0.0 0.0 0.0 0.0 0.0
-22.595 0.0 0.0 0.0 0.0 0.0 0.0
-22.463 0.0 0.0 0.0 0.0 0.0 0.0
-22.330 0.0 0.0 0.0 0.0 0.0 0.0
-22.198 0.0 0.0 0.0 0.0 0.0 0.0
-22.065 0.0 0.0 0.0 0.0 0.0 0.0
-21.933 0.0 0.0 0.0 0.0 0.0 0.0
-21.801 3.77832e-13 1.88196e-15 9.1154e-15 4.79954e-17 0.0 0.0
-21.668 3.11676e-10 2.91959e-12 7.5355e-12 7.4956e-14 0.0 0.0
-21.536 1.10233e-07 1.88257e-09 2.67227e-09 4.8443e-11 0.0 0.0
-21.403 1.68413e-05 5.2131e-07 4.0979e-07 1.34529e-08 0.0 0.0
-21.271 0.00112408 6.2534e-05 2.74885e-05 1.62014e-06 0.0 0.0
-21.139 0.0333283 0.00329115 0.00082116 8.573e-05 0.0 0.0
-21.006 0.45064 0.077418 0.0112342 0.00203369 0.0 0.0
-20.874 2.89537 0.83899 0.073547 0.0223325 0.0 0.0
-20.741 9.3488 4.385 0.244009 0.119164 0.0 0.0
-20.609 15.9395 11.6934 0.42893 0.32678 0.0 0.0
-20.476 14.4386 16.5431 0.39862 0.4759 0.0 0.0
-20.344 6.6595 12.2956 0.186892 0.36169 0.0 0.0
-20.212 1.47676 4.5686 0.041806 0.136213 0.0 0.0
-20.079 0.150408 0.80358 0.0042755 0.0241261 0.0 0.0
-19.947 0.0068279 0.06427 0.000194439 0.00193571 0.0 0.0
-19.814 0.00013555 0.00227683 3.8629e-06 6.8671e-05 0.0 0.0
-19.682 1.16244e-06 3.5139e-05 3.3136e-08 1.06045e-06 0.0 0.0
-19.550 4.2709e-09 2.33722e-07 1.21768e-10 7.0542e-09 0.0 0.0
-19.417 6.7606e-12 6.6489e-10 1.50813e-11 2.65946e-11 0.0 0.0
-19.285 3.30186e-11 1.76212e-11 6.3181e-09 3.07249e-09 0.0 0.0
-19.152 6.2915e-09 3.55333e-09 1.1621e-06 6.2605e-07 0.0 0.0
-19.020 5.3049e-07 3.31812e-07 9.368e-05 5.5845e-05 0.0 0.0
-18.887 2.00909e-05 1.38962e-05 0.00335462 0.00220929 0.0 0.0
-18.755 0.000346664 0.000264869 0.054151 0.039342 0.0 0.0
-18.623 0.00275756 0.00232567 0.39967 0.31996 0.0 0.0
-18.490 0.010179 0.009475 1.36415 1.2024 0.0 0.0
-18.358 0.0174508 0.0179322 2.16589 2.10222 0.0 0.0
-18.225 0.0138254 0.015697 1.5987 1.71011 0.0 0.0
-18.093 0.0050139 0.0062977 0.54477 0.64314 0.0 0.0
-17.961 0.00082203 0.00114406 0.084704 0.110571 0.0 0.0
-17.828 6.0097e-05 9.2817e-05 0.0059242 0.0085672 0.0 0.0
-17.696 1.93336e-06 3.31868e-06 0.000183735 0.000294877 0.0 0.0
-17.563 2.70546e-08 5.1678e-08 2.49444e-06 4.44916e-06 0.0 0.0
-17.431 1.63151e-10 3.4709e-10 1.46647e-08 2.91089e-08 0.0 0.0
-17.299 4.208e-13 9.9806e-13 3.7024e-11 8.18566e-11 0.0 0.0
-17.166 5.3238e-16 1.24617e-15 3.98461e-14 9.84422e-14 0.0 0.0
-17.034 2.02351e-13 6.4809e-14 1.26098e-13 4.14867e-14 0.0 0.0
-16.901 1.48514e-10 5.4004e-11 9.2521e-11 3.4573e-11 0.0 0.0
-16.769 4.71586e-08 1.94994e-08 2.937e-08 1.24849e-08 0.0 0.0
-16.636 6.5134e-06 3.06552e-06 4.05549e-06 1.96301e-06 0.0 0.0
-16.504 0.000393635 0.000211067 0.000245055 0.000135194 0.0 0.0
-16.372 0.0104835 0.0064085 0.0065249 0.0041054 0.0 0.0
-16.239 0.123918 0.086395 0.077121 0.055365 0.0 0.0
-16.107 0.65489 0.52092 0.40754 0.33392 0.0 0.0
-15.974 1.55657 1.41312 0.96868 0.90606 0.0 0.0
-15.842 1.66946 1.7308 1.0389 1.11002 0.0 0.0
-15.710 0.80737 0.95695 0.50242 0.61387 0.0 0.0
-15.577 0.175248 0.237822 0.10905 0.152594 0.0 0.0
-15.445 0.0169441 0.0263795 0.0105431 0.0169263 0.0 0.0
-15.312 0.00072317 0.0012938 0.00044991 0.0008302 0.0 0.0
-15.180 1.34989e-05 2.78018e-05 8.3969e-06 1.78382e-05 0.0 0.0
-15.047 1.09289e-07 2.59503e-07 6.7966e-08 1.66489e-07 0.0 0.0
-14.915 3.8107e-10 1.04439e-09 2.36915e-10 6.6986e-10 0.0 0.0
-14.783 5.6882e-13 1.80124e-12 3.53522e-13 1.15509e-12 0.0 0.0
-14.650 3.24231e-16 1.24068e-15 2.01631e-16 7.9588e-16 0.0 0.0
-14.518 7.9469e-18 0.0 1.00643e-16 0.0 0.0 0.0
-14.385 1.43489e-14 1.4432e-15 1.79199e-13 1.74566e-14 0.0 0.0
-14.253 1.09409e-11 1.42943e-12 1.35768e-10 1.72093e-11 0.0 0.0
-14.121 3.60989e-09 6.1279e-10 4.4413e-08 7.3206e-09 0.0 0.0
-13.988 5.2283e-07 1.14724e-07 6.3595e-06 1.35615e-06 0.0 0.0
-13.856 3.3834e-05 9.5406e-06 0.00040552 0.0001112 0.0 0.0
-13.723 0.00100223 0.00036057 0.0118002 0.0041277 0.0 0.0
-13.591 0.0140449 0.0063886 0.161986 0.071581 0.0 0.0
-13.458 0.096895 0.055239 1.09375 0.60442 0.0 0.0
-13.326 0.34122 0.243134 3.7788 2.60042 0.0 0.0
-13.194 0.62186 0.55861 6.7961 5.8665 0.0 0.0
-13.061 0.57895 0.66465 6.2647 6.9022 0.0 0.0
-12.929 0.29015 0.39736 2.9025 4.0901 0.0 0.0
-12.796 0.204026 0.136147 0.91935 1.2125 0.0 0.0
-12.664 0.45962 0.145869 0.9884 0.41726 0.0 0.0
-12.532 1.09893 0.41622 2.19445 0.83506 0.0 0.0
-12.399 2.13325 1.01441 4.1791 1.98712 0.0 0.0
-12.267 2.7435 2.0314 5.3144 3.9381 0.0 0.0
-12.134 2.06606 2.6975 3.9745 5.2078 0.0 0.0
-12.002 0.82241 2.04209 1.57637 3.9367 0.0 0.0
-11.869 0.158582 0.79932 0.30348 1.54022 0.0 0.0
-11.737 0.0140335 0.150181 0.0278091 0.28948 0.0 0.0
-11.605 0.00100736 0.0129925 0.0207416 0.028722 0.0 0.0
-11.472 0.00653 0.00201057 0.195011 0.047701 0.0 0.0
-11.340 0.046685 0.0142349 1.02455 0.29615 0.0 0.0
-11.207 0.162998 0.081724 2.8651 1.11974 0.0 0.0
-11.075 0.27288 0.26557 4.1432 2.65945 0.0 0.0
-10.943 0.216429 0.45216 2.9896 3.7383 0.0 0.0
-10.810 0.080286 0.38482 1.04339 2.8507 0.0 0.0
-10.678 0.0137199 0.158384 0.171431 1.10266 0.0 0.0
-10.545 0.00106193 0.030683 0.0129399 0.206183 0.0 0.0
-10.413 3.6659e-05 0.00273152 0.00044335 0.0179708 0.0 0.0
-10.281 3.24832e-06 0.000109836 0.000281125 0.00074433 0.0 0.0
-10.148 8.4833e-05 1.90582e-05 0.0078523 0.00146963 0.0 0.0
-10.016 0.00126141 0.000347328 0.100479 0.0273055 0.0 0.0
-9.883 0.0092389 0.00335484 0.59753 0.231676 0.0 0.0
-9.751 0.034367 0.0168829 1.76239 0.94898 0.0 0.0
-9.618 0.065979 0.048095 2.8579 2.11719 0.0 0.0
-9.486 0.068545 0.078538 2.915 2.9407 0.0 0.0
-9.354 0.061711 0.078659 2.368 2.71865 0.0 0.0
-9.221 0.14475 0.105694 2.53302 2.28187 0.0 0.0
-9.089 0.3513 0.255048 3.303 2.9004 0.0 0.0
-8.956 0.47281 0.43074 3.3857 3.5127 0.0 0.0
-8.824 0.35679 0.43177 2.55843 3.1341 0.0 0.0
-8.692 0.166267 0.26637 1.42055 2.06339 0.0 0.0
-8.559 0.050656 0.098159 0.81126 0.86215 0.0 0.0
-8.427 0.022492 0.0200679 1.7641 0.20217 0.0 0.0
-8.294 0.05082 0.0062555 4.5091 0.165 0.0 0.0
-8.162 0.126322 0.0278042 7.6493 0.92936 0.0 0.0
-8.029 0.21609 0.090949 9.3945 3.046 0.0 0.0
-7.897 0.233343 0.156961 9.4509 5.5437 0.0 0.0
-7.765 0.171891 0.148794 8.3854 6.3276 0.0 0.0
-7.632 0.121546 0.091462 7.1179 5.7935 0.0 0.0
-7.500 0.112482 0.077568 6.4538 6.348 0.0 0.0
-7.367 0.109645 0.123603 5.9702 7.5762 0.0 0.0
-7.235 0.084182 0.159548 4.4484 6.6462 0.0 0.0
-7.103 0.0389954 0.139329 1.99488 3.7752 0.0 0.0
-6.970 0.0092493 0.201379 0.45508 2.20557 0.0 0.0
-6.838 0.00105442 0.53491 0.050923 3.9474 0.0 0.0
-6.705 0.00020009 0.87067 0.03115 6.7095 0.0 0.0
-6.573 0.00142334 0.77989 0.244997 7.1336 0.0 0.0
-6.440 0.006885 0.49897 1.01044 6.6925 0.0 0.0
-6.308 0.0175929 0.37426 2.1249 8.3735 0.0 0.0
-6.176 0.0258734 0.34184 2.4904 9.7371 0.0 0.0
-6.043 0.0225427 0.207655 1.78582 6.2673 0.0 0.0
-5.911 0.0111707 0.061888 0.82041 1.89757 0.0 0.0
-5.778 0.0073649 0.0084393 0.3234 0.27554 0.0 0.0
-5.646 0.036895 0.00074818 0.39557 0.204824 0.0 0.0
-5.514 0.135104 0.00138626 1.21699 1.13003 0.0 0.0
-5.381 0.239671 0.0043888 2.7376 3.7237 0.0 0.0
-5.249 0.25751 0.0083967 4.1898 7.2265 0.0 0.0
-5.116 0.33995 0.0091536 4.8777 7.9195 0.0 0.0
-4.984 0.59082 0.0053682 5.547 5.1254 0.0 0.0
-4.851 0.64059 0.00248256 5.7429 3.8903 0.0 0.0
-4.719 0.3382 0.00183134 3.6654 4.0511 0.0 0.0
-4.587 0.096285 0.00104983 1.37739 2.43594 0.0 0.0
-4.454 0.08554 0.00028682 1.19749 0.6647 0.0 0.0
-4.322 0.237874 5.8055e-05 3.4838 0.083153 0.0 0.0
-4.189 0.43435 0.000174592 7.3524 0.021776 0.0 0.0
-4.057 0.52203 0.00062068 9.8724 0.06012 0.0 0.0
-3.925 0.41857 0.00122722 8.4085 0.20847 0.0 0.0
-3.792 0.22279 0.00182897 4.7109 0.69201 0.0 0.0
-3.660 0.088166 0.00238674 1.93611 1.41491 0.0 0.0
-3.527 0.054572 0.00235677 1.17952 1.63429 0.0 0.0
-3.395 0.048292 0.00179692 1.08982 1.38818 0.0 0.0
-3.262 0.02714 0.00114206 0.96508 1.28524 0.0 0.0
-3.130 0.0167425 0.00108636 1.43058 1.39707 0.0 0.0
-2.998 0.0156178 0.00165298 1.73394 1.68543 0.0 0.0
-2.865 0.0091019 0.00166202 1.05858 1.51517 0.0 0.0
-2.733 0.00254002 0.00084204 0.30449 0.73854 0.0 0.0
-2.600 0.00032863 0.000202291 0.040542 0.174678 0.0 0.0
-2.468 1.94219e-05 2.24027e-05 0.0024567 0.0192226 0.0 0.0
-2.336 5.1631e-07 1.12238e-06 6.6596e-05 0.00096105 0.0 0.0
-2.203 6.0785e-09 2.50625e-08 7.9521e-07 2.14616e-05 0.0 0.0
-2.071 3.12786e-11 2.46368e-10 4.1297e-09 2.11174e-07 0.0 0.0
-1.938 6.9571e-14 1.05491e-12 9.2338e-12 9.0539e-10 0.0 0.0
-1.806 6.5611e-17 1.95002e-15 8.758e-15 1.67597e-12 0.0 0.0
-1.674 0.0 1.59461e-18 0.0 1.37127e-15 0.0 0.0
-1.541 0.0 0.0 0.0 0.0 0.0 0.0
-1.409 0.0 0.0 0.0 0.0 0.0 0.0
-1.276 0.0 0.0 0.0 0.0 0.0 0.0
-1.144 0.0 0.0 0.0 0.0 0.0 0.0
-1.011 0.0 0.0 0.0 0.0 0.0 0.0
-0.879 0.0 0.0 0.0 0.0 0.0 0.0
-0.747 0.0 0.0 0.0 0.0 0.0 0.0
-0.614 0.0 0.0 0.0 0.0 0.0 0.0
-0.482 0.0 0.0 0.0 0.0 0.0 0.0
-0.349 0.0 0.0 0.0 0.0 0.0 0.0
-0.217 0.0 0.0 0.0 0.0 0.0 0.0
-0.085 0.0 0.0 0.0 0.0 0.0 0.0
0.048 0.0 0.0 0.0 0.0 0.0 0.0
0.180 0.0 1.20503e-17 0.0 1.77241e-16 0.0 0.0
0.313 0.0 1.96261e-14 0.0 2.7875e-13 0.0 0.0
0.445 0.0 1.2243e-11 0.0 1.71715e-10 0.0 0.0
0.578 0.0 3.2809e-09 0.0 4.527e-08 0.0 0.0
0.710 0.0 3.8084e-07 0.0 5.1485e-06 0.0 0.0
0.842 0.0 1.93584e-05 0.0 0.0002553 0.0 0.0
0.975 0.0 0.00043701 0.0 0.0056029 0.0 0.0
1.107 3.7924e-16 0.0044721 1.49011e-16 0.055683 0.0 0.0
1.240 3.6111e-13 0.0214506 1.41885e-13 0.2606 0.0 0.0
1.372 1.45207e-10 0.051352 5.7057e-11 0.61507 0.0 0.0
1.504 2.48075e-08 0.07118 9.7476e-09 0.825 0.0 0.0
1.637 1.81035e-06 0.082919 7.1133e-07 0.78232 0.0 0.0
1.769 5.6806e-05 0.10955 2.23206e-05 0.70365 0.0 0.0
1.902 0.00077244 0.120614 0.00030356 0.62168 0.0 0.0
2.034 0.0045897 0.089603 0.00180749 0.45372 0.0 0.0
2.167 0.0120092 0.050714 0.0049652 0.26515 0.0 0.0
2.299 0.0140532 0.030283 0.0122466 0.177128 0.0 0.0
2.431 0.0096015 0.0171568 0.088003 0.12375 0.0 0.0
2.564 0.0187452 0.0091603 0.50264 0.07053 0.0 0.0
2.696 0.055074 0.0133445 1.41926 0.123131 0.0 0.0
2.829 0.084355 0.0203382 2.06695 0.2821 0.0 0.0
2.961 0.078985 0.0186699 2.18629 0.37401 0.0 0.0
3.093 0.094135 0.0237733 2.905 0.47728 0.0 0.0
3.226 0.133565 0.07542 4.0249 1.07427 0.0 0.0
3.358 0.143242 0.195287 4.4476 2.56916 0.0 0.0
3.491 0.157688 0.31043 3.6715 4.7514 0.0 0.0
3.623 0.187549 0.30388 2.60553 6.1638 0.0 0.0
3.756 0.168705 0.211919 2.00918 5.7309 0.0 0.0
3.888 0.108317 0.126258 1.63113 3.9436 0.0 0.0
4.020 0.074804 0.074237 1.15191 2.16881 0.0 0.0
4.153 0.092838 0.082825 0.60193 1.05463 0.0 0.0
4.285 0.103086 0.117474 0.2739 0.49474 0.0 0.0
4.418 0.091742 0.114373 0.178381 0.31842 0.0 0.0
4.550 0.093532 0.104496 0.159315 0.31259 0.0 0.0
4.682 0.125861 0.122254 0.148312 0.293633 0.0 0.0
4.815 0.192972 0.165565 0.181023 0.256622 0.0 0.0
4.947 0.238427 0.187429 0.220242 0.250118 0.0 0.0
5.080 0.258291 0.195668 0.27624 0.26547 0.0 0.0
5.212 0.27221 0.220609 0.3446 0.30044 0.0 0.0
5.344 0.35645 0.224806 0.418 0.2901 0.0 0.0
5.477 0.56032 0.260789 0.5573 0.31102 0.0 0.0
5.609 0.73756 0.36301 0.6985 0.41577 0.0 0.0
5.742 0.74574 0.56288 0.75781 0.53933 0.0 0.0
5.874 0.66068 0.70749 0.80182 0.59162 0.0 0.0
6.007 0.59229 0.67743 0.82846 0.60977 0.0 0.0
6.139 0.43433 0.58944 0.69943 0.59961 0.0 0.0
6.271 0.252834 0.4674 0.54904 0.54442 0.0 0.0
6.404 0.189992 0.34985 0.4442 0.52702 0.0 0.0
6.536 0.279984 0.245017 0.40318 0.44939 0.0 0.0
6.669 0.44956 0.277877 0.61601 0.45218 0.0 0.0
6.801 0.50001 0.49162 0.96355 0.77255 0.0 0.0
6.933 0.39717 0.58289 1.07318 1.0901 0.0 0.0
7.066 0.247451 0.42218 0.82418 1.02851 0.0 0.0
7.198 0.171653 0.218559 0.60711 0.6859 0.0 0.0
7.331 0.25721 0.146521 0.78472 0.51242 0.0 0.0
7.463 0.43427 0.201423 1.10716 0.62786 0.0 0.0
7.596 0.57113 0.281741 1.29484 0.77751 0.0 0.0
7.728 0.61962 0.39842 1.37567 0.89044 0.0 0.0
7.860 0.64789 0.53079 1.51523 0.90822 0.0 0.0
7.993 0.60781 0.61341 1.4936 0.92772 0.0 0.0
8.125 0.45348 0.72529 1.09393 1.16788 0.0 0.0
8.258 0.34921 0.7869 0.75507 1.35975 0.0 0.0
8.390 0.283436 0.6564 0.72975 1.22171 0.0 0.0
8.522 0.207495 0.44673 0.81774 1.05391 0.0 0.0
8.655 0.203743 0.289775 0.89984 1.00672 0.0 0.0
8.787 0.250958 0.242491 0.97773 1.01156 0.0 0.0
8.920 0.29907 0.288626 0.88966 1.00471 0.0 0.0
9.052 0.373954 0.34112 0.68043 0.80904 0.0 0.0
9.185 0.46583 0.38844 0.70924 0.5818 0.0 0.0
9.317 0.48752 0.4753 0.98684 0.6866 0.0 0.0
9.449 0.44454 0.5391 1.26455 1.08986 0.0 0.0
9.582 0.38972 0.49034 1.39856 1.4573 0.0 0.0
9.714 0.333355 0.399326 1.33592 1.52705 0.0 0.0
9.847 0.285146 0.320313 1.14241 1.29655 0.0 0.0
9.979 0.254715 0.243272 0.99469 1.01709 0.0 0.0
10.111 0.22491 0.196939 0.93835 0.87417 0.0 0.0
10.244 0.193743 0.195202 0.91382 0.87841 0.0 0.0
10.376 0.172027 0.198292 0.86301 0.9321 0.0 0.0
10.509 0.140322 0.17232 0.68614 0.85683 0.0 0.0
10.641 0.100394 0.135166 0.44562 0.62952 0.0 0.0
10.774 0.075365 0.1105766 0.282404 0.43897 0.0 0.0
10.906 0.0608424 0.0853318 0.207697 0.326335 0.0 0.0
11.038 0.039261 0.0556253 0.149088 0.216589 0.0 0.0
11.171 0.01540939 0.0287457 0.0697396 0.107245 0.0 0.0
11.303 0.003240845 0.009336 0.0168845 0.0328754 0.0 0.0
11.436 0.0003392242 0.001542287 0.00192671 0.00524495 0.0 0.0
11.568 1.665731e-05 0.0001172573 9.90167e-05 0.000392398 0.0 0.0
11.700 3.674871e-07 3.936536e-06 2.232946e-06 1.308555e-05 0.0 0.0
11.833 3.5441572e-09 5.72424e-08 2.175078e-08 1.89739e-07 0.0 0.0
11.965 1.4694088e-11 3.565256e-10 9.05863e-11 1.180452e-09 0.0 0.0
12.098 2.5942606e-14 9.44698e-13 1.602772e-13 3.12609e-12 0.0 0.0
12.230 1.73331666e-17 1.057085e-15 1.072457e-16 3.49741e-15 0.0 0.0
12.363 0.0 0.0 0.0 0.0 0.0 0.0
12.495 0.0 0.0 0.0 0.0 0.0 0.0
12.627 0.0 0.0 0.0 0.0 0.0 0.0
12.760 0.0 0.0 0.0 0.0 0.0 0.0
12.892 0.0 0.0 0.0 0.0 0.0 0.0
13.025 0.0 0.0 0.0 0.0 0.0 0.0
