-30.453 0.0 0.0 0.0
-30.306 0.0 0.0 0.0
-30.160 0.0 0.0 0.0
-30.014 0.0 0.0 0.0
-29.867 0.0 0.0 0.0
-29.721 0.0 0.0 0.0
-29.574 0.0 0.0 0.0
-29.428 0.0 0.0 0.0
-29.281 0.0 0.0 0.0
-29.135 0.0 0.0 0.0
-28.988 0.0 0.0 0.0
-28.842 0.0 0.0 0.0
-28.696 0.0 0.0 0.0
-28.549 0.0 0.0 0.0
-28.403 0.0 0.0 0.0
-28.256 0.0 0.0 0.0
-28.110 0.0 0.0 0.0
-27.963 1.3200099168e-15 2.60348077e-16 0.0
-27.817 1.758412441e-14 3.466787478e-15 0.0
-27.670 2.708308386e-13 5.339755024e-14 0.0
-27.524 3.678807518e-12 7.252702797e-13 0.0
-27.378 4.434987696e-11 8.743285838e-12 0.0
-27.231 4.750580018e-10 9.3658188e-11 0.0
-27.085 4.522627293e-09 8.91593693e-10 0.0
-26.938 3.825906982e-08 7.54320559e-09 0.0
-26.792 2.877428327e-07 5.671778649e-08 0.0
-26.645 1.923153038e-06 3.790750046e-07 0.0
-26.499 1.142575968e-05 2.252218908e-06 0.0
-26.352 6.03748205e-05 1.189793703e-05 0.0
-26.206 0.0002836930034 5.58892108e-05 0.0
-26.060 0.001186115896 0.000233570153 0.0
-25.913 0.00441150724 0.000868518535 0.0
-25.767 0.0146146033 0.00287505668 0.0
-25.620 0.0431481172 0.0084804664 0.0
-25.474 0.113639388 0.0223057876 0.0
-25.327 0.267351578 0.052382998 0.0
-25.181 0.56267918 0.110002308 0.0
-25.035 1.06214824 0.207009395 0.0
-24.888 1.80233155 0.34985262 0.0
-24.742 2.7591936 0.53286116 0.0
-24.595 3.8230128 0.73366788 0.0
-24.449 4.8094486 0.9162663 0.0
-24.302 5.5109557 1.0415271 0.0
-24.156 5.7638779 1.0797735 0.0
-24.009 5.5054572 1.02246847 0.0
-23.863 4.8012162 0.884116 0.0
-23.717 3.8138822 0.69696812 0.0
-23.570 2.7521241 0.4995285 0.0
-23.424 1.79765319 0.32452787 0.0
-23.277 1.05919468 0.19036791 0.0
-23.131 0.561266382 0.100524246 0.0
-22.984 0.266743804 0.0476453142 0.0
-22.838 0.1134452814 0.0202237953 0.0
-22.691 0.0430998906 0.00767206741 0.0
-22.545 0.01460905653 0.00259849258 0.0
-22.399 0.00441577824 0.000788463504 0.0
-22.252 0.001207167229 0.000235460945 0.0
-22.106 0.0003814579 0.00016798719 0.0
-21.959 0.00047615311 0.00050917695 0.0
-21.813 0.0015977759 0.0018873605 0.0
-21.666 0.005425051 0.0063674406 0.0
-21.520 0.016645304 0.019205394 0.0
-21.373 0.04601474 0.051776757 0.0
-21.227 0.11504364 0.12487097 0.0
-21.081 0.2616161 0.2697689 0.0
-20.934 0.5447783 0.5226271 0.0
-20.788 1.047006 0.909544 0.0
-20.641 1.870601 1.4252043 0.0
-20.495 3.122593 2.01678 0.0
-20.348 4.8783 2.587086 0.0
-20.202 7.11389 3.021455 0.0
-20.055 9.62213 3.233328 0.0
-19.909 11.985 3.187194 0.0
-19.763 13.6353 2.910052 0.0
-19.616 14.07694 2.46991 0.0
-19.470 13.11696 1.949782 0.0
-19.323 10.98625 1.428429 0.0
-19.177 8.24838 0.966408 0.0
-19.030 5.54063 0.600118 0.0
-18.884 3.32521 0.339908 0.0
-18.737 1.78393 0.1750946 0.0
-18.591 0.864155 0.0833524 0.0
-18.445 0.409336 0.0422077 0.0
-18.298 0.2800466 0.0380743 0.0
-18.152 0.43084 0.0720898 0.0
-18.005 0.94134 0.1628595 0.0
-17.859 2.009173 0.3446104 0.0
-17.712 3.89182 0.657156 0.0
-17.566 6.77955 1.124382 0.0
-17.419 10.6155 1.726922 0.0
-17.273 14.94684 2.38206 0.0
-17.127 18.9426 2.9535 0.0
-16.980 21.6102 3.29454 0.0
-16.834 22.2062 3.30808 0.0
-16.687 20.5524 2.99184 0.0
-16.541 17.133 2.43792 0.0
-16.394 12.8622 1.78997 0.0
-16.248 8.6914 1.184268 0.0
-16.101 5.28355 0.705853 0.0
-15.955 2.88787 0.379031 0.0
-15.809 1.419487 0.184099 0.0
-15.662 0.631395 0.0840584 0.0
-15.516 0.2695447 0.0466696 0.0
-15.369 0.1553916 0.0578595 0.0
-15.223 0.2089485 0.1287039 0.0
-15.076 0.43788085 0.2981626 0.0
-14.930 0.9101147 0.627893 0.0
-14.783 1.7081942 1.180212 0.0
-14.637 2.8594066 1.976986 0.0
-14.491 4.2666118 2.953207 0.0
-14.344 5.682972 3.945201 0.0
-14.198 6.783091 4.74376 0.0
-14.051 7.323534 5.2097 0.0
-13.905 7.2958 5.39052 0.0
-13.758 6.971 5.54544 0.0
-13.612 6.76896 6.03708 0.0
-13.466 7.02297 7.12307 0.0
-13.319 7.76836 8.7642 0.0
-13.173 8.70707 10.56666 0.0
-13.026 9.35351 11.92452 0.0
-12.880 9.29064 12.29286 0.0
-12.733 8.38395 11.44717 0.0
-12.587 6.81787 9.58476 0.0
-12.440 4.9818 7.20432 0.0
-12.294 3.26701 4.86404 0.0
-12.148 1.92648 2.97452 0.0
-12.001 1.03356 1.713702 0.0
-11.855 0.534628 1.081308 0.0
-11.708 0.331454 1.00515 0.0
-11.562 0.343763 1.424754 0.0
-11.415 0.533879 2.31054 0.0
-11.269 0.900234 3.63216 0.0
-11.122 1.45128 5.31114 0.0
-10.976 2.17232 7.20337 0.0
-10.830 2.9982 9.12209 0.0
-10.683 3.80574 10.89072 0.0
-10.537 4.4387 12.38082 0.0
-10.390 4.76106 13.50812 0.0
-10.244 4.70736 14.17884 0.0
-10.097 4.30767 14.28307 0.0
-9.951 3.670476 13.75182 0.0
-9.804 2.940432 12.68106 0.0
-9.658 2.253828 11.40384 0.0
-9.512 1.707648 10.43382 0.0
-9.365 1.345638 10.26438 0.0
-9.219 1.157095 11.12681 0.0
-9.072 1.089771 12.87434 0.0
-8.926 1.072707 15.03537 0.0
-8.779 1.043417 17.0248 0.0
-8.633 0.96752 18.4008 0.0
-8.486 0.844294 19.0344 0.0
-8.340 0.698301 19.1225 0.0
-8.194 0.562039 19.0434 0.0
-8.047 0.460331 19.112 0.0
-7.901 0.401005 19.3974 0.0
-7.754 0.376548 19.6884 0.0
-7.608 0.372 19.6752 0.0
-7.461 0.375578 19.209 0.0
-7.315 0.384972 18.4866 0.0
-7.168 0.406433 18.0012 0.0
-7.022 0.447187 18.2346 0.0
-6.876 0.505908 19.3188 0.0
-6.729 0.568212 20.868 0.0
-6.583 0.610482 22.16748 0.0
-6.436 0.611958 22.5654 0.0
-6.290 0.565649 21.85082 0.0
-6.143 0.483636 20.31864 0.0
-5.997 0.391517 18.53679 0.0
-5.850 0.3175313 16.98366 0.0
-5.704 0.2822874 15.8364 0.0
-5.558 0.2926424 14.9904 0.0
-5.411 0.3409392 14.2452 0.0
-5.265 0.4084884 13.45744 0.0
-5.118 0.4719996 12.59474 0.0
-4.972 0.5117804 11.6934 0.0
-4.825 0.517674 10.7919 0.0
-4.679 0.49017454 9.88878 0.0
-4.532 0.43738932 8.93911 0.0
-4.386 0.36974055 7.87535 0.0
-4.240 0.29648484 6.66281 0.0
-4.093 0.22473416 5.33196 0.0
-3.947 0.15989951 4.00489 0.0
-3.800 0.105950292 2.8615 0.0
-3.654 0.065056161 2.10123 0.0
-3.507 0.03726566 1.91898 0.0
-3.361 0.02086677 2.49659 0.0
-3.214 0.01320181 3.97428 0.0
-3.068 0.01152709 6.36888 0.0
-2.922 0.01342428 9.45393 0.0
-2.775 0.01683579 12.69642 0.0
-2.629 0.02002022 15.3348 0.0
-2.482 0.02166237 16.6404 0.0
-2.336 0.02109016 16.2216 0.0
-2.189 0.01842954 14.2085 0.0
-2.043 0.01444611 11.18326 0.0
-1.896 0.01015555 7.9089 0.0
-1.750 0.00640308 5.02433 0.0
-1.604 0.00362002 2.86636 0.0
-1.457 0.001834826 1.467791 0.0
-1.311 0.000833498 0.674224 0.0
-1.164 0.000339253 0.277679 0.0
-1.018 0.0001236733 0.1024606 0.0
-0.871 4.03647e-05 0.0338479 0.0
-0.725 1.178557e-05 0.01000467 0.0
-0.579 3.07774e-06 0.002644209 0.0
-0.432 7.18519e-07 0.000624477 0.0
-0.286 1.498558e-07 0.000131703 0.0
-0.139 2.791869e-08 2.479315e-05 0.0
0.007 4.67418e-09 4.178184e-06 0.0
0.154 9.54667e-10 7.40036e-07 0.0
0.300 2.002525e-09 9.09052e-07 0.0
0.447 1.2268e-08 5.222516e-06 0.0
0.593 7.02688e-08 2.933114e-05 0.0
0.739 3.604737e-07 0.000147194 0.0
0.886 1.656547e-06 0.000659036 0.0
1.032 6.82853e-06 0.002634111 0.0
1.179 2.528832e-05 0.00940262 0.0
1.325 8.42856e-05 0.02999536 0.0
1.472 0.0002533528 0.0855611 0.0
1.618 0.000688401 0.2184222 0.0
1.765 0.001694857 0.4993885 0.0
1.911 0.0037906 1.023707 0.0
2.057 0.00772083 1.883654 0.0
2.204 0.01435817 3.115622 0.0
2.350 0.02444863 4.64217 0.0
2.497 0.0382676 6.24885 0.0
2.643 0.0553953 7.64071 0.0
2.790 0.0748923 8.56467 0.0
2.936 0.0960268 8.95099 0.0
3.083 0.1191448 8.97357 0.0
3.229 0.1460588 8.97389 0.0
3.375 0.1793677 9.27952 0.0
3.522 0.2210355 10.01645 0.0
3.668 0.271337 11.03266 0.0
3.815 0.32884 11.98063 0.0
3.961 0.391034 12.4982 0.0
4.108 0.454327 12.36886 0.0
4.254 0.513005 11.579 0.0
4.401 0.559099 10.27074 0.0
4.547 0.584916 8.65729 0.0
4.693 0.587936 6.95578 0.0
4.840 0.574938 5.35935 0.0
4.986 0.560913 4.02079 0.0
5.133 0.563116 3.03463 0.0
5.279 0.593059 2.42308 0.0
5.426 0.652225 2.14019 0.0
5.572 0.733078 2.09761 0.0
5.719 0.823236 2.19748 0.0
5.865 0.909453 2.35607 0.0
6.011 0.97966 2.51145 0.0
6.158 1.023661 2.62068 0.0
6.304 1.035177 2.65688 0.0
6.451 1.013906 2.60937 0.0
6.597 0.965057 2.48393 0.0
6.744 0.897451 2.29811 0.0
6.890 0.818703 2.07257 0.0
7.037 0.732271 1.82306 0.0
7.183 0.638368 1.55822 0.0
7.329 0.536736 1.284035 0.0
7.476 0.429914 1.00976 0.0
7.622 0.324166 0.749438 0.0
7.769 0.2277487 0.519748 0.0
7.915 0.147832 0.333903 0.0
8.062 0.0880476 0.1972846 0.0
8.208 0.04784811 0.106565 0.0
8.355 0.02361776 0.0523681 0.0
8.501 0.01054837 0.02331694 0.0
8.647 0.004249403 0.00937389 0.0
8.794 0.001540186 0.00339382 0.0
8.940 0.0005011283 0.001103812 0.0
9.087 0.0001461299 0.0003219045 0.0
9.233 3.8132e-05 8.4046e-05 0.0
9.380 8.894166e-06 1.962146e-05 0.0
9.526 1.85255e-06 4.0916e-06 0.0
9.673 3.443096e-07 7.61434e-07 0.0
9.819 5.706595e-08 1.263794e-07 0.0
9.965 8.429618e-09 1.86961e-08 0.0
10.112 1.1092781e-09 2.464139e-09 0.0
10.258 1.3000094e-10 2.892335e-10 0.0
10.405 1.356373e-11 3.022419e-11 0.0
10.551 1.2595541e-12 2.811045e-12 0.0
10.698 1.0419329e-13 2.328886e-13 0.0
10.844 7.599787e-15 1.701157e-14 0.0
10.990 5.299155e-16 1.186883e-15 0.0
11.137 0.0 0.0 0.0
11.283 0.0 0.0 0.0
11.430 0.0 0.0 0.0
11.576 0.0 0.0 0.0
11.723 0.0 0.0 0.0
11.869 0.0 0.0 0.0
12.016 0.0 0.0 0.0
12.162 0.0 0.0 0.0
12.308 0.0 0.0 0.0
12.455 0.0 0.0 0.0
12.601 0.0 0.0 0.0
12.748 0.0 0.0 0.0
12.894 0.0 0.0 0.0
13.041 0.0 0.0 0.0
13.187 0.0 0.0 0.0
13.334 0.0 0.0 0.0
13.480 0.0 0.0 0.0
