-30.453 0.0 0.0 0.0
-30.306 0.0 0.0 0.0
-30.160 0.0 0.0 0.0
-30.014 0.0 0.0 0.0
-29.867 0.0 0.0 0.0
-29.721 0.0 0.0 0.0
-29.574 0.0 0.0 0.0
-29.428 0.0 0.0 0.0
-29.281 0.0 0.0 0.0
-29.135 0.0 0.0 0.0
-28.988 0.0 0.0 0.0
-28.842 0.0 0.0 0.0
-28.696 0.0 0.0 0.0
-28.549 0.0 0.0 0.0
-28.403 0.0 0.0 0.0
-28.256 0.0 0.0 0.0
-28.110 0.0 0.0 0.0
-27.963 1.7268918e-15 2.669178e-16 0.0
-27.817 2.3028372e-14 3.5481384e-15 0.0
-27.670 3.5466372e-13 5.466519e-14 0.0
-27.524 4.81694e-12 7.425054e-13 0.0
-27.378 5.806456e-11 8.95148e-12 0.0
-27.231 6.219865e-10 9.58985e-11 0.0
-27.085 5.921131e-09 9.12977e-10 0.0
-26.938 5.00933e-08 7.724622e-09 0.0
-26.792 3.766674e-07 5.808776e-08 0.0
-26.645 2.517578e-06 3.883033e-07 0.0
-26.499 1.496384e-05 2.30726e-06 0.0
-26.352 7.904007e-05 1.219064e-05 0.0
-26.206 0.0003713884 5.726822e-05 0.0
-26.060 0.001552285 0.0002393644 0.0
-25.913 0.005775595 0.00089025 0.0
-25.767 0.01913338 0.002947718 0.0
-25.620 0.0564986 0.00869872 0.0
-25.474 0.148773 0.0228937 0.0
-25.327 0.350131 0.053786 0.0
-25.181 0.73702 0.1130348 0.0
-25.035 1.39164 0.212934 0.0
-24.888 2.36278 0.360324 0.0
-24.742 3.61753 0.549667 0.0
-24.595 5.0148 0.75834 0.0
-24.449 6.3126 0.94926 0.0
-24.302 7.239 1.08168 0.0
-24.156 7.577 1.12458 0.0
-24.009 7.2438 1.06792 0.0
-23.863 6.321 0.92586 0.0
-23.717 5.0244 0.7317 0.0
-23.570 3.62748 0.525586 0.0
-23.424 2.3703 0.342012 0.0
-23.277 1.39697 0.200934 0.0
-23.131 0.740542 0.1062273 0.0
-22.984 0.352049 0.0503972 0.0
-22.838 0.1497052 0.02140116 0.0
-22.691 0.0568946 0.00812384 0.0
-22.545 0.01928824 0.00275142 0.0
-22.399 0.00584554 0.000831296 0.0
-22.252 0.001676598 0.0002268678 0.0
-22.106 0.00089758 7.0356e-05 0.0
-21.959 0.00229577 8.3199e-05 0.0
-21.813 0.0083989 0.000274326 0.0
-21.666 0.0283128 0.00092129 0.0
-21.520 0.085384 0.0027846 0.0
-21.373 0.230059 0.0075283 0.0
-21.227 0.55412 0.0182232 0.0
-21.081 1.19394 0.0395484 0.0
-20.934 2.30205 0.077088 0.0
-20.788 3.9738 0.135306 0.0
-20.641 6.1472 0.214559 0.0
-20.495 8.5242 0.30864 0.0
-20.348 10.6008 0.40506 0.0
-20.202 11.8332 0.48792 0.0
-20.055 11.865 0.54276 0.0
-19.909 10.6956 0.56088 0.0
-19.763 8.682 0.54 0.0
-19.616 6.356 0.48432 0.0
-19.470 4.2084 0.4032 0.0
-19.323 2.52781 0.3099 0.0
-19.177 1.38318 0.21831 0.0
-19.030 0.69252 0.140058 0.0
-18.884 0.318684 0.081372 0.0
-18.737 0.135507 0.042696 0.0
-18.591 0.054055 0.0204679 0.0
-18.445 0.0225391 0.0100535 0.0
-18.298 0.0161317 0.0084372 0.0
-18.152 0.0273172 0.0163805 0.0
-18.005 0.059574 0.040355 0.0
-17.859 0.122805 0.094153 0.0
-17.712 0.227622 0.198612 0.0
-17.566 0.377404 0.37662 0.0
-17.419 0.55936 0.64152 0.0
-17.273 0.74154 0.98088 0.0
-17.127 0.87996 1.34586 0.0
-16.980 0.93552 1.6563 0.0
-16.834 0.89142 1.82742 0.0
-16.687 0.76212 1.80696 0.0
-16.541 0.58496 1.60038 0.0
-16.394 0.40338 1.26927 0.0
-16.248 0.250152 0.90084 0.0
-16.101 0.139552 0.57198 0.0
-15.955 0.070092 0.324816 0.0
-15.809 0.0317316 0.165096 0.0
-15.662 0.0130681 0.075894 0.0
-15.516 0.00528 0.0342318 0.0
-15.369 0.0032112 0.0228642 0.0
-15.223 0.0048939 0.035364 0.0
-15.076 0.010719 0.07665 0.0
-14.930 0.0225995 0.160226 0.0
-14.783 0.042828 0.30144 0.0
-14.637 0.072468 0.50574 0.0
-14.491 0.109772 0.75756 0.0
-14.344 0.15012 1.01657 0.0
-14.198 0.188947 1.23216 0.0
-14.051 0.227844 1.37406 0.0
-13.905 0.28104 1.46142 0.0
-13.758 0.37668 1.56678 0.0
-13.612 0.54894 1.78236 0.0
-13.466 0.81994 2.16125 0.0
-13.319 1.1774 2.667 0.0
-13.173 1.56282 3.1662 0.0
-13.026 1.88154 3.4848 0.0
-12.880 2.03772 3.4866 0.0
-12.733 1.97826 3.1434 0.0
-12.587 1.719 2.54622 0.0
-12.440 1.33616 1.85177 0.0
-12.294 0.92976 1.21541 0.0
-12.148 0.58296 0.73968 0.0
-12.001 0.3393 0.4677 0.0
-11.855 0.206454 0.41104 0.0
-11.708 0.173052 0.58356 0.0
-11.562 0.224244 1.01824 0.0
-11.415 0.34638 1.75668 0.0
-11.269 0.52194 2.814 0.0
-11.122 0.72192 4.1376 0.0
-10.976 0.90582 5.58 0.0
-10.830 1.03242 6.9102 0.0
-10.683 1.07602 7.8648 0.0
-10.537 1.03854 8.2356 0.0
-10.390 0.94572 7.9446 0.0
-10.244 0.83118 7.0848 0.0
-10.097 0.71892 5.892 0.0
-9.951 0.61568 4.6704 0.0
-9.804 0.51738 3.6972 0.0
-9.658 0.42084 3.1512 0.0
-9.512 0.33018 3.09 0.0
-9.365 0.254748 3.4494 0.0
-9.219 0.202143 4.086 0.0
-9.072 0.172758 4.8252 0.0
-8.926 0.15963 5.514 0.0
-8.779 0.15279 6.0618 0.0
-8.633 0.144126 6.4398 0.0
-8.486 0.130302 6.6636 0.0
-8.340 0.112884 6.7763 0.0
-8.194 0.096258 6.8238 0.0
-8.047 0.085122 6.852 0.0
-7.901 0.082704 6.8814 0.0
-7.754 0.090684 6.8886 0.0
-7.608 0.110436 6.804 0.0
-7.461 0.144402 6.5472 0.0
-7.315 0.19608 6.087 0.0
-7.168 0.267414 5.4864 0.0
-7.022 0.35472 4.8744 0.0
-6.876 0.44544 4.3824 0.0
-6.729 0.51984 4.065 0.0
-6.583 0.55776 3.8838 0.0
-6.436 0.54747 3.7578 0.0
-6.290 0.49218 3.636 0.0
-6.143 0.41016 3.5484 0.0
-5.997 0.3279 3.606 0.0
-5.850 0.271965 3.9498 0.0
-5.704 0.26124 4.692 0.0
-5.558 0.30228 5.8614 0.0
-5.411 0.38808 7.377 0.0
-5.265 0.49968 9.0545 0.0
-5.118 0.61194 10.6611 0.0
-4.972 0.7011 11.9802 0.0
-4.825 0.75156 12.8628 0.0
-4.679 0.75762 13.2126 0.0
-4.532 0.7212 12.966 0.0
-4.386 0.64878 12.0804 0.0
-4.240 0.54948 10.5927 0.0
-4.093 0.43521 8.6544 0.0
-3.947 0.3198 6.534 0.0
-3.800 0.216384 4.5408 0.0
-3.654 0.134274 2.931 0.0
-3.507 0.076655 1.84974 0.0
-3.361 0.041442 1.33182 0.0
-3.214 0.023553 1.3407 0.0
-3.068 0.0173119 1.79448 0.0
-2.922 0.0178401 2.56351 0.0
-2.775 0.0213345 3.4536 0.0
-2.629 0.0249458 4.2216 0.0
-2.482 0.0267181 4.6362 0.0
-2.336 0.0257562 4.5642 0.0
-2.189 0.0222397 4.0236 0.0
-2.043 0.0171791 3.177 0.0
-1.896 0.0118722 2.24688 0.0
-1.750 0.0073398 1.42328 0.0
-1.604 0.0040602 0.80748 0.0
-1.457 0.00200851 0.41032 0.0
-1.311 0.0008892 0.186659 0.0
-1.164 0.00035214 0.076024 0.0
-1.018 0.000124747 0.0277176 0.0
-0.871 3.9534e-05 0.0090402 0.0
-0.725 1.12031e-05 0.00263806 0.0
-0.579 2.83932e-06 0.00068825 0.0
-0.432 6.4326e-07 0.00016052 0.0
-0.286 1.30286e-07 3.345e-05 0.0
-0.139 2.35839e-08 6.2274e-06 0.0
0.007 3.8184e-09 1.03666e-06 0.0
0.154 5.9099e-10 1.66995e-07 0.0
0.300 3.5634e-10 1.15606e-07 0.0
0.447 1.80865e-09 6.033e-07 0.0
0.593 1.0124e-08 3.3775e-06 0.0
0.739 5.0738e-08 1.6921e-05 0.0
0.886 2.26824e-07 7.5621e-05 0.0
1.032 9.0519e-07 0.0003016 0.0
1.179 3.2276e-06 0.00107401 0.0
1.325 1.02951e-05 0.0034173 0.0
1.472 2.9421e-05 0.0097244 0.0
1.618 7.5497e-05 0.0247681 0.0
1.765 0.00017454 0.056519 0.0
1.911 0.00036529 0.115718 0.0
2.057 0.00069766 0.212891 0.0
2.204 0.00123173 0.3526 0.0
2.350 0.00205212 0.5273 0.0
2.497 0.0033212 0.71478 0.0
2.643 0.0053894 0.88469 0.0
2.790 0.0089381 1.0129 0.0
2.936 0.0150747 1.09878 0.0
3.083 0.0252313 1.17421 0.0
3.229 0.040792 1.29763 0.0
3.375 0.062534 1.53201 0.0
3.522 0.090227 1.91763 0.0
3.668 0.122694 2.45012 0.0
3.815 0.158367 3.0746 0.0
3.961 0.195852 3.696 0.0
4.108 0.233884 4.1987 0.0
4.254 0.27081 4.4745 0.0
4.401 0.30432 4.4497 0.0
4.547 0.33236 4.1134 0.0
4.693 0.35588 3.5249 0.0
4.840 0.3809 2.803 0.0
4.986 0.41867 2.08777 0.0
5.133 0.48207 1.49736 0.0
5.279 0.57942 1.09835 0.0
5.426 0.70867 0.89973 0.0
5.572 0.85545 0.86799 0.0
5.719 0.99685 0.94915 0.0
5.865 1.10876 1.08677 0.0
6.011 1.17277 1.2314 0.0
6.158 1.18038 1.34415 0.0
6.304 1.13321 1.39951 0.0
6.451 1.0415 1.3874 0.0
6.597 0.92103 1.31378 0.0
6.744 0.789 1.19662 0.0
6.890 0.66018 1.05759 0.0
7.037 0.54311 0.91348 0.0
7.183 0.44 0.77268 0.0
7.329 0.348997 0.63674 0.0
7.476 0.267797 0.50544 0.0
7.622 0.195915 0.38119 0.0
7.769 0.134731 0.26951 0.0
7.915 0.086093 0.176619 0.0
8.062 0.050655 0.106333 0.0
8.208 0.0272535 0.058408 0.0
8.355 0.0133355 0.0291196 0.0
8.501 0.00591036 0.0131209 0.0
8.647 0.00236465 0.0053269 0.0
8.794 0.0008518 0.00194348 0.0
8.940 0.000275609 0.00063594 0.0
9.087 7.99601e-05 0.000186326 0.0
9.233 2.07699e-05 4.88184e-05 0.0
9.380 4.82412e-06 1.14257e-05 0.0
9.526 1.00101e-06 2.38656e-06 0.0
9.673 1.8537e-07 4.44689e-07 0.0
9.819 3.06232e-08 7.3851e-08 0.0
9.965 4.50982e-09 1.09288e-08 0.0
10.112 5.91767e-10 1.44038e-09 0.0
10.258 6.91626e-11 1.69036e-10 0.0
10.405 7.19802e-12 1.76559e-11 0.0
10.551 6.66804e-13 1.64109e-12 0.0
10.698 5.50446e-14 1.3587e-13 0.0
10.844 4.00182e-15 9.925e-15 0.0
10.990 2.78865e-16 6.9357e-16 0.0
11.137 0.0 0.0 0.0
11.283 0.0 0.0 0.0
11.430 0.0 0.0 0.0
11.576 0.0 0.0 0.0
11.723 0.0 0.0 0.0
11.869 0.0 0.0 0.0
12.016 0.0 0.0 0.0
12.162 0.0 0.0 0.0
12.308 0.0 0.0 0.0
12.455 0.0 0.0 0.0
12.601 0.0 0.0 0.0
12.748 0.0 0.0 0.0
12.894 0.0 0.0 0.0
13.041 0.0 0.0 0.0
13.187 0.0 0.0 0.0
13.334 0.0 0.0 0.0
13.480 0.0 0.0 0.0
