-30.453 0.0 0.0 0.0
-30.306 0.0 0.0 0.0
-30.160 0.0 0.0 0.0
-30.014 0.0 0.0 0.0
-29.867 0.0 0.0 0.0
-29.721 0.0 0.0 0.0
-29.574 0.0 0.0 0.0
-29.428 0.0 0.0 0.0
-29.281 0.0 0.0 0.0
-29.135 0.0 0.0 0.0
-28.988 0.0 0.0 0.0
-28.842 0.0 0.0 0.0
-28.696 0.0 0.0 0.0
-28.549 0.0 0.0 0.0
-28.403 0.0 0.0 0.0
-28.256 0.0 0.0 0.0
-28.110 0.0 0.0 0.0
-27.963 5.6274e-18 5.5608e-18 4.1622e-18
-27.817 8.856e-17 6.93e-17 5.1144e-17
-27.670 1.3374e-15 1.0764e-15 7.962e-16
-27.524 1.8054e-14 1.4664e-14 1.0848e-14
-27.378 2.163e-13 1.7724e-13 1.3122e-13
-27.231 2.3028e-12 1.9038e-12 1.4105e-12
-27.085 2.1791e-11 1.8174e-11 1.347e-11
-26.938 1.8318e-10 1.5415e-10 1.1436e-10
-26.792 1.3692e-09 1.1628e-09 8.628e-10
-26.645 9.096e-09 7.794e-09 5.7872e-09
-26.499 5.3694e-08 4.6446e-08 3.4512e-08
-26.352 2.8188e-07 2.4618e-07 1.8306e-07
-26.206 1.3159e-06 1.1604e-06 8.634e-07
-26.060 5.4661e-06 4.869e-06 3.6258e-06
-25.913 2.0208e-05 1.8186e-05 1.3554e-05
-25.767 6.649e-05 6.054e-05 4.5144e-05
-25.620 0.00019512 0.0001796 0.0001341
-25.474 0.00051054 0.00047592 0.0003558
-25.327 0.0011934 0.001128 0.0008442
-25.181 0.0024966 0.0023952 0.0017958
-25.035 0.0046836 0.004569 0.0034332
-24.888 0.007902 0.007854 0.005916
-24.742 0.01203 0.01221 0.009222
-24.595 0.016584 0.01722 0.013038
-24.449 0.020763 0.022098 0.016782
-24.302 0.023688 0.025872 0.019704
-24.156 0.024678 0.02766 0.021132
-24.009 0.02349 0.027 0.020682
-23.863 0.020412 0.024024 0.018444
-23.717 0.016164 0.019434 0.014946
-23.570 0.011622 0.014238 0.010968
-23.424 0.00756 0.00942 0.00726
-23.277 0.0044388 0.0056114 0.0043272
-23.131 0.0023424 0.0029994 0.0023136
-22.984 0.0011088 0.0014352 0.001107
-22.838 0.00046938 0.0006138 0.00047351
-22.691 0.00017754 0.00023429 0.00018066
-22.545 5.9936e-05 7.974e-05 6.147e-05
-22.399 1.8324e-05 2.4282e-05 1.873e-05
-22.252 6.516e-06 7.224e-06 5.646e-06
-22.106 9.054e-06 5.0091e-06 4.2552e-06
-21.959 3.2975e-05 1.5222e-05 1.3506e-05
-21.813 0.00012066 5.7528e-05 5.1456e-05
-21.666 0.00039578 0.00019818 0.0001782
-21.520 0.0011562 0.0006108 0.00055218
-21.373 0.0030098 0.0016854 0.00153
-21.227 0.006984 0.004158 0.0037938
-21.081 0.014436 0.009186 0.008418
-20.934 0.026622 0.018162 0.016722
-20.788 0.043812 0.032178 0.029748
-20.641 0.06438 0.05106 0.047412
-20.495 0.08454 0.0726 0.06768
-20.348 0.09924 0.09252 0.0867
-20.202 0.10428 0.10578 0.09948
-20.055 0.09822 0.10836 0.10254
-19.909 0.08298 0.09966 0.09486
-19.763 0.06306 0.08226 0.07896
-19.616 0.04323 0.06102 0.059189
-19.470 0.026808 0.040782 0.040074
-19.323 0.015114 0.024588 0.024582
-19.177 0.007794 0.013416 0.01371
-19.030 0.0036989 0.006648 0.006983
-18.884 0.0016278 0.003003 0.0032592
-18.737 0.0006702 0.001245 0.001404
-18.591 0.00026682 0.00048462 0.00057467
-18.445 0.00012876 0.00020868 0.00027522
-18.298 0.00014016 0.00018264 0.00028746
-18.152 0.00029724 0.00035676 0.0006042
-18.005 0.0006774 0.0008064 0.0013902
-17.859 0.0014172 0.0016908 0.0029442
-17.712 0.0026664 0.0031896 0.0056112
-17.566 0.0045072 0.0054048 0.009612
-17.419 0.006857 0.008232 0.014802
-17.273 0.009396 0.011292 0.020526
-17.127 0.011628 0.013956 0.02565
-16.980 0.013014 0.015576 0.028908
-16.834 0.013176 0.015702 0.029406
-16.687 0.012084 0.01431 0.027006
-16.541 0.010038 0.011796 0.022386
-16.394 0.007554 0.008796 0.016746
-16.248 0.0051372 0.0059226 0.011298
-16.101 0.0031572 0.0036006 0.00687
-15.955 0.0017502 0.001974 0.0037626
-15.809 0.0008754 0.000975 0.0018552
-15.662 0.00040003 0.00043518 0.0008304
-15.516 0.00018564 0.00018275 0.00036321
-15.369 0.0001377 9.414e-05 0.00023142
-15.223 0.00022554 0.0001089 0.00034992
-15.076 0.00047813 0.00022242 0.0007644
-14.930 0.0009636 0.00047028 0.0016194
-14.783 0.0017508 0.0009042 0.0030954
-14.637 0.0028578 0.0015594 0.005307
-14.491 0.0042318 0.0024264 0.008226
-14.344 0.0058182 0.0034722 0.011754
-14.198 0.007782 0.004746 0.016134
-14.051 0.010848 0.006594 0.022662
-13.905 0.016572 0.009858 0.034446
-13.758 0.027258 0.015954 0.056526
-13.612 0.04518 0.02646 0.09456
-13.466 0.07116 0.042282 0.15192
-13.319 0.10308 0.06258 0.22554
-13.173 0.13512 0.08412 0.3039
-13.026 0.15936 0.10176 0.36864
-12.880 0.16866 0.1104 0.4011
-12.733 0.16002 0.10728 0.3909
-12.587 0.13626 0.09324 0.34104
-12.440 0.10452 0.07254 0.26694
-12.294 0.07374 0.05076 0.18996
-12.148 0.051942 0.032736 0.13092
-12.001 0.045258 0.021653 0.10848
-11.855 0.058848 0.019488 0.14346
-11.708 0.09714 0.028164 0.26502
-11.562 0.1623 0.050136 0.51114
-11.415 0.2505 0.08748 0.9156
-11.269 0.3489 0.13944 1.4844
-11.122 0.43638 0.20028 2.165
-10.976 0.48966 0.25842 2.8434
-10.830 0.49326 0.29952 3.369
-10.683 0.4464 0.31218 3.6168
-10.537 0.36372 0.29304 3.5526
-10.390 0.26778 0.24852 3.2742
-10.244 0.18006 0.19158 3.0108
-10.097 0.11382 0.13626 3.0948
-9.951 0.07386 0.09288 3.9192
-9.804 0.05904 0.06582 5.871
-9.658 0.06636 0.054897 9.216
-9.512 0.0921 0.056742 13.944
-9.365 0.1311 0.06696 19.626
-9.219 0.17562 0.08094 25.44
-9.072 0.21576 0.0948 30.348
-8.926 0.24336 0.1056 33.426
-8.779 0.25674 0.1113 34.152
-8.633 0.26406 0.11112 32.532
-8.486 0.28248 0.1053 29.046
-8.340 0.33198 0.09516 24.426
-8.194 0.42652 0.08298 19.434
-8.047 0.56508 0.07134 14.694
-7.901 0.7278 0.0627 10.606
-7.754 0.8802 0.058884 7.357
-7.608 0.9834 0.06102 4.9782
-7.461 1.0092 0.07014 3.3738
-7.315 0.951 0.08736 2.4018
-7.168 0.8292 0.11334 1.9038
-7.022 0.6798 0.14694 1.7286
-6.876 0.54216 0.18426 1.7364
-6.729 0.4428 0.21876 1.8012
-6.583 0.3885 0.2436 1.8234
-6.436 0.36726 0.25532 1.7442
-6.290 0.35766 0.25716 1.5594
-6.143 0.34014 0.2608 1.3122
-5.997 0.30504 0.28584 1.074
-5.850 0.25356 0.35562 0.921
-5.704 0.19428 0.48984 0.9102
-5.558 0.1374 0.6942 1.0656
-5.411 0.0903 0.9528 1.3746
-5.265 0.05589 1.224 1.7892
-5.118 0.033468 1.4556 2.2398
-4.972 0.020298 1.5996 2.652
-4.825 0.013284 1.632 2.9634
-4.679 0.009864 1.5546 3.126
-4.532 0.008262 1.3914 3.1116
-4.386 0.00735 1.1748 2.9112
-4.240 0.006499 0.9348 2.5446
-4.093 0.005454 0.699 2.0628
-3.947 0.0042234 0.48822 1.5414
-3.800 0.0029776 0.31656 1.0566
-3.654 0.0019068 0.18936 0.663
-3.507 0.001131 0.10398 0.38531
-3.361 0.000675 0.052416 0.21783
-3.214 0.00049511 0.024532 0.1392
-3.068 0.00051929 0.011262 0.12318
-2.922 0.000669 0.0059346 0.14532
-2.775 0.0008652 0.004344 0.1842
-2.629 0.0010332 0.0041532 0.22092
-2.482 0.0011118 0.0041946 0.24084
-2.336 0.0010722 0.003981 0.23608
-2.189 0.0009258 0.0034213 0.20754
-2.043 0.0007152 0.0026364 0.16356
-1.896 0.00049458 0.0018167 0.1155
-1.750 0.00030612 0.0011189 0.07314
-1.604 0.00016962 0.0006156 0.041484
-1.457 8.412e-05 0.00030282 0.021084
-1.311 3.7356e-05 0.00013308 0.0096
-1.164 1.485e-05 5.2272e-05 0.0039162
-1.018 5.2852e-06 1.8348e-05 0.0014304
-0.871 1.6836e-06 5.7546e-06 0.00046752
-0.725 4.7988e-07 1.6128e-06 0.00013674
-0.579 1.224e-07 4.0392e-07 3.5766e-05
-0.432 2.792e-08 9.036e-08 8.364e-06
-0.286 5.6956e-09 1.8066e-08 1.7478e-06
-0.139 1.0386e-09 3.2274e-09 3.2628e-07
0.007 1.7034e-10 5.2202e-10 5.4419e-08
0.154 3.3146e-11 1.3232e-10 8.406e-09
0.300 6.134e-11 4.2546e-10 3.3076e-09
0.447 3.5332e-10 2.6162e-09 1.4099e-08
0.593 1.9044e-09 1.4659e-08 7.78e-08
0.739 9.138e-09 7.334e-08 3.8557e-07
0.886 3.8984e-08 3.2773e-07 1.7022e-06
1.032 1.4798e-07 1.3096e-06 6.697e-06
1.179 4.9991e-07 4.6846e-06 2.3487e-05
1.325 1.5044e-06 1.5023e-05 7.347e-05
1.472 4.0376e-06 4.3273e-05 0.0002052
1.618 9.684e-06 0.00011217 0.00051204
1.765 2.082e-05 0.00026247 0.0011429
1.911 4.0382e-05 0.00055592 0.0022857
2.057 7.144e-05 0.0010706 0.0041042
2.204 0.00011755 0.0018864 0.00664
2.350 0.00018604 0.0030705 0.009737
2.497 0.00029586 0.0046915 0.013078
2.643 0.00049078 0.006905 0.016422
2.790 0.0008533 0.010129 0.019967
2.936 0.0015095 0.015278 0.024716
3.083 0.0026177 0.023876 0.032554
3.229 0.0043436 0.037888 0.045848
3.375 0.006848 0.059063 0.06661
3.522 0.010333 0.08798 0.09548
3.668 0.015145 0.12309 0.13113
3.815 0.021886 0.16059 0.17015
3.961 0.03137 0.1949 0.20768
4.108 0.044384 0.22014 0.23825
4.254 0.06138 0.23193 0.2568
4.401 0.0825 0.22851 0.2598
4.547 0.10809 0.21169 0.24645
4.693 0.14005 0.18638 0.21961
4.840 0.18305 0.15934 0.18555
4.986 0.24458 0.13766 0.15232
5.133 0.33259 0.12705 0.12734
5.279 0.45105 0.13125 0.11547
5.426 0.59591 0.15209 0.11838
5.572 0.754 0.18976 0.13508
5.719 0.9072 0.24281 0.16239
5.865 1.0388 0.30723 0.19547
6.011 1.1363 0.37623 0.2282
6.158 1.1917 0.4412 0.25447
6.304 1.1992 0.49417 0.26999
6.451 1.1569 0.5303 0.27369
6.597 1.0701 0.54854 0.26767
6.744 0.9523 0.55043 0.25542
6.890 0.8215 0.5374 0.23977
7.037 0.6924 0.5096 0.2216
7.183 0.5728 0.46623 0.20019
7.329 0.46305 0.40755 0.17452
7.476 0.36148 0.33678 0.14472
7.622 0.26832 0.26043 0.11267
7.769 0.18664 0.1868 0.081446
7.915 0.12022 0.12334 0.054217
8.062 0.071081 0.074509 0.032997
8.208 0.03833 0.040985 0.018267
8.355 0.018761 0.02043 0.0091606
8.501 0.0083046 0.0091981 0.0041453
8.647 0.0033145 0.0037304 0.0016887
8.794 0.00118989 0.0013593 0.00061779
8.940 0.00038355 0.00044422 0.00020261
9.087 0.000110828 0.000129982 5.9486e-05
9.233 2.8661e-05 3.4014e-05 1.56142e-05
9.380 6.6276e-06 7.9508e-06 3.6602e-06
9.526 1.36877e-06 1.6594e-06 7.6583e-07
9.673 2.5235e-07 3.0888e-07 1.42883e-07
9.819 4.1497e-08 5.1259e-08 2.3765e-08
9.965 6.0834e-09 7.5782e-09 3.5217e-09
10.112 7.9486e-10 9.9807e-10 4.6479e-10
10.258 9.251e-11 1.17041e-10 5.4616e-11
10.405 9.5874e-12 1.22187e-11 5.7125e-12
10.551 8.8467e-13 1.13512e-12 5.3166e-13
10.698 7.2752e-14 9.3936e-14 4.407e-14
10.844 5.2681e-15 6.8565e-15 3.2232e-15
10.990 3.6571e-16 4.7871e-16 2.2517e-16
11.137 0.0 0.0 0.0
11.283 0.0 0.0 0.0
11.430 0.0 0.0 0.0
11.576 0.0 0.0 0.0
11.723 0.0 0.0 0.0
11.869 0.0 0.0 0.0
12.016 0.0 0.0 0.0
12.162 0.0 0.0 0.0
12.308 0.0 0.0 0.0
12.455 0.0 0.0 0.0
12.601 0.0 0.0 0.0
12.748 0.0 0.0 0.0
12.894 0.0 0.0 0.0
13.041 0.0 0.0 0.0
13.187 0.0 0.0 0.0
13.334 0.0 0.0 0.0
13.480 0.0 0.0 0.0
